version: 1
creator: callgrind-3.11.0
pid: 6844
cmd:  ./fib.o
part: 1


desc: I1 cache: 
desc: D1 cache: 
desc: LL cache: 

desc: Timerange: Basic block 0 - 5401928
desc: Trigger: Program termination

positions: line
events: Ir
summary: 38199175


ob=(4) /usr/lib/valgrind/vgpreload_core-amd64-linux.so
fl=(55) ???
fn=(220) 0x0000000000000650
0 17

fn=(484) 0x0000000000000610
0 8
cob=(2) ???
cfi=(16) ???
cfn=(490) 0x0000000004a28570
calls=1 0 
0 57
0 1
cfn=(498) 0x0000000000000580
calls=1 0 
0 9
0 3

fn=(498)
0 9

ob=(2)
fl=(16)
fn=(414) 0x0000000004c498a0
0 1
cob=(3) /lib/x86_64-linux-gnu/libc-2.23.so
cfi=(71) /build/glibc-Cl5G7W/glibc-2.23/malloc/malloc.c
cfn=(416) malloc
calls=1 2902 
0 184

fn=(482) 0x00000000004007fc
0 3

fn=(216) 0x0000000004a28530
0 6

fn=(274) 0x00000000004004c0
0 5
cob=(5) /home/zing/workspace/IE/Sp/hw02/fib.o
cfi=(65) ???
cfn=(278) __gmon_start__
calls=1 0 
0 62218
0 2

fn=(82) 0x0000000004000ab0
0 1
cob=(1) /lib/x86_64-linux-gnu/ld-2.23.so
cfi=(17) /build/glibc-Cl5G7W/glibc-2.23/elf/dl-minimal.c
cfn=(84) free
calls=1 120 
0 6

fn=(464) 0x0000000004c498a8
0 1
cob=(3)
cfi=(71)
cfn=(466) free
calls=1 2934 
0 132

fn=(490)
0 1
cob=(3)
cfi=(120) /build/glibc-Cl5G7W/glibc-2.23/stdlib/cxa_finalize.c
cfn=(492) __cxa_finalize
calls=1 31 
0 56

fn=(504) 0x0000000004a287b8
0 3

ob=(5)
fl=(65)
fn=(278)
0 8
cob=(1)
cfi=(66) /build/glibc-Cl5G7W/glibc-2.23/elf/../sysdeps/x86_64/dl-trampoline.h
cfn=(261) _dl_runtime_resolve_avx'2
calls=1 64 
0 61251
0 5
0 3
cfn=(334) atexit
calls=1 0 
0 951

fn=(472) 0x0000000000400640
0 5
cfn=(476) 0x00000000004005c0
calls=1 0 
0 8
0 3

fn=(342) 0x0000000000400660
0 16

fn=(334)
0 6
cob=(1)
cfi=(66)
cfn=(261)
calls=1 64 
0 940
0 5

fn=(366) fib
0 4000
cob=(3)
cfi=(88) /build/glibc-Cl5G7W/glibc-2.23/gmon/../sysdeps/x86_64/_mcount.S
cfn=(362) mcount
calls=1000 32 
0 48004
0 1000
0 6002002

fn=(272) __libc_csu_init
0 15
cob=(2)
cfi=(16)
cfn=(274)
calls=1 0 
0 62225
0 8
cfn=(342)
calls=1 0 
0 16
0 11

fn=(252) _start
0 11
cob=(1)
cfi=(66)
cfn=(260) _dl_runtime_resolve_avx
calls=1 64 
0 38108709
0 5

fn=(476)
0 8

fn=(356) main
0 4
cob=(1)
cfi=(66)
cfn=(261)
calls=1 64 
0 849
0 5
0 3003
cfn=(366)
calls=1000 0 
0 6055006
0 5000
cob=(3)
cfi=(90) /build/glibc-Cl5G7W/glibc-2.23/stdio-common/printf.c
cfn=(372) printf
calls=999 28 
0 31971698
cob=(1)
cfi=(66)
cfn=(261)
calls=1 64 
0 2388
0 1004
0 4005

ob=(1)
fl=(23) /build/glibc-Cl5G7W/glibc-2.23/elf/dl-hwcaps.c
fn=(66) _dl_important_hwcaps
39 6
+3 1
-3 2
+3 1
-1 1
+1 1
+9 1
-12 4
+12 2
+10 4
162 2
-47 3
cfi=(24) /build/glibc-Cl5G7W/glibc-2.23/io/../sysdeps/unix/syscall-template.S
cfn=(68) access
calls=1 -31 
* 9
* 2
+55 3
+2 2
+1 5
+4 2
+4 1
-4 1
+1 1
+3 1
+3 1
+1 1
-1 1
+4 3
+1 1
-1 9
+1 1
+18 10
+1 2
-1 1
+1 3
cfi=(17)
cfn=(40) malloc
calls=1 94 
* 29
* 1
+1 1
-1 1
+1 5
+29 1
+3 1
-3 2
+3 1
+23 7
+6 2
-1 2
+1 6
-1 8
+5 6
+3 1
-3 1
+3 1
-3 3
+3 1
-3 1
+3 5
+1 12
+1 4
-1 4
+1 8
-2 4
+1 8
-1 14
+4 4
+4 1
-1 1
+2 1
-2 1
+1 1
+1 1
-2 1
+2 10
+13 2
+1 1
-1 1
+3 2
-3 2
+1 1
-1 1
+3 2
+3 4
+3 1
-1 1
+1 9
113 1
+17 1
+1 1
-1 9
243 6
cfi=(25) /build/glibc-Cl5G7W/glibc-2.23/string/../sysdeps/x86_64/memcpy.S
cfn=(70) mempcpy
calls=1 61 
* 22
* 4
cfi=(25)
cfn=(70)
calls=1 61 
* 18
+1 4
cfi=(25)
cfn=(70)
calls=1 61 
* 22
* 4
cfi=(25)
cfn=(70)
calls=1 61 
* 18
* 12

fl=(34) /build/glibc-Cl5G7W/glibc-2.23/elf/dl-misc.c
fn=(106) _dl_name_match_p
288 205
+1 82
cfi=(19) /build/glibc-Cl5G7W/glibc-2.23/string/../sysdeps/x86_64/multiarch/../strcmp.S
cfn=(54) strcmp
calls=41 144 
* 1398
* 41
+1 41
-1 41
+3 41
+2 82
+4 42
-4 84
+1 135
cfi=(19)
cfn=(54)
calls=45 144 
* 1618
* 90
-5 3
+11 53
-1 38
+1 152

fn=(144) _dl_sysdep_read_whole_file
45 2
+7 1
-7 3
+7 1
-7 3
+7 1
cfi=(24)
cfn=(110) open
calls=1 +32 
* 5
+1 2
+2 5
cfi=(36) /build/glibc-Cl5G7W/glibc-2.23/io/../sysdeps/unix/sysv/linux/wordsize-64/fxstat.c
cfn=(120) _fxstat
calls=1 -21 
* 10
* 2
+2 1
+3 1
-3 1
+3 1
+13 2
cfi=(24)
cfn=(132) close
calls=1 +11 
* 5
+3 7
-14 6
cfi=(37) /build/glibc-Cl5G7W/glibc-2.23/misc/../sysdeps/unix/sysv/linux/wordsize-64/mmap.c
cfn=(122) mmap
calls=1 -29 
* 33
* 2

fl=(11) /build/glibc-Cl5G7W/glibc-2.23/string/../sysdeps/x86_64/strlen.S
fn=(22) strlen
66 13
+1 13
+1 13
+1 13
+1 13
+1 13
+1 13
+2 13
+2 13
+30 12
+1 12
+1 12
+1 12
+1 12
+1 6
+1 6
+4 6
+1 6
+1 6
+1 6
+1 6
+1 6
+1 6
+1 6
+1 6
+1 6
+1 6
+1 6
+5 48
+4 1
+1 14
+1 8

fl=(22) /build/glibc-Cl5G7W/glibc-2.23/elf/dl-load.c
fn=(64) _dl_init_paths
689 1
+13 2
-13 8
+13 3
cfi=(23)
cfn=(66)
calls=1 39 
* 398
+5 1
-5 1
+5 1
cfi=(17)
cfn=(40)
calls=1 94 
* 29
* 1
+1 1
-2 1
+2 2
+8 1
-1 1
+1 3
-1 3
+4 4
cfi=(17)
cfn=(40)
calls=1 94 
* 29
* 1
+2 1
-2 1
+2 1
+17 2
+9 2
-19 1
+11 1
-1 1
+3 1
+1 1
-15 2
+23 1
-9 1
+9 5
-3 17
cfi=(26) /build/glibc-Cl5G7W/glibc-2.23/string/../sysdeps/x86_64/multiarch/../memset.S
cfn=(72) memset
calls=4 53 
* 60
+3 27
-14 3
+2 3
+1 3
+2 6
-3 3
+4 9
+4 3
-3 3
+3 3
+1 3
-4 9
+4 3
+14 1
-11 1
+6 1
+1 1
+5 1
-12 1
+12 1
+2 4
+2 3
+38 5
+6 3
cfi=(27) /build/glibc-Cl5G7W/glibc-2.23/string/../sysdeps/x86_64/multiarch/../strchr.S
cfn=(74) index
calls=1 24 
* 23
* 2
+2 3
cfi=(11)
cfn=(22)
calls=1 66 
* 16
* 8
cfi=(18) /build/glibc-Cl5G7W/glibc-2.23/string/../sysdeps/x86_64/multiarch/../memcpy.S
cfn=(46) memcpy
calls=1 61 
* 31
* 1
+17 133
+5 1
cfi=(17)
cfn=(40)
calls=1 94 
* 29
* 1
+1 1
-2 1
+2 1
+6 9
cfn=(76) fillin_rpath
calls=1 444 
* 609
+4 5
+6 1
+4 8
-70 1
-2 1
+2 2
+14 2

fn=(104) _dl_map_object
2189 21
+8 3
-8 6
+8 3
+1 12
+3 42
+5 49
+2 21
cfi=(34)
cfn=(106)
calls=7 288 
* 920
* 14
+4 12
+1 18
+3 2
+2 8
cfi=(19)
cfn=(54)
calls=2 144 
* 48
* 4
2500 24
2235 10
+9 2
-53 2
+53 4
+36 4
-2 2
+2 2
cfi=(27)
cfn=(74)
calls=2 24 
* 46
* 4
2431 2
383 3
cfi=(27)
cfn=(74)
calls=1 24 
* 47
* 2
+4 2
cfi=(28) /build/glibc-Cl5G7W/glibc-2.23/string/strdup.c
cfn=(80) strdup
calls=1 40 
* 128
2432 1
-3 1
+3 2
+4 9
cfn=(108) open_verify.constprop.7
calls=1 1717 
* 299
+3 1
-3 1
+3 3
+12 3
+46 1
+1 3
-1 1
+1 9
cfn=(114) _dl_map_object_from_fd
calls=1 893 
* 1444
-1 1
+1 3
-1 1
+1 9
cfn=(114)
calls=1 893 
* 1789
* 6
2284 2
cfi=(11)
cfn=(22)
calls=1 66 
* 16
* 1
+2 1
-2 1
+2 1
+7 4
+35 2
+1 14
cfn=(138) open_path
calls=1 2040 
* 777
+6 2
-6 1
+6 3
666 1
2336 1
666 2
2423 2
+28 3
+2 4
2297 1
+5 1
-5 1
+5 1
+3 2
-3 1
+3 7
-3 3
666 1
2303 1
666 2
2358 1
-14 1
+14 1
+2 3
+4 2
cfi=(43) /build/glibc-Cl5G7W/glibc-2.23/elf/dl-cache.c
cfn=(142) _dl_load_cache_lookup
calls=1 185 
* 1519
+2 1
-2 1
+2 1
+4 2
+8 3
+23 10
cfn=(108)
calls=1 1717 
* 370
+4 1
-4 1
+4 3
+1 2
-89 3
+1 8
666 1
2319 1
666 2

fn=(138)
2040 8
+1 1
+6 1
-6 1
+6 1
+5 9
+52 1
-59 1
-1 1
+60 1
-52 8
+74 4
-62 1
-9 1
+9 1
+7 4
cfi=(25)
cfn=(70)
calls=1 61 
* 31
+1 1
-1 1
+1 5
+20 8
-20 15
+3 8
+5 8
-1 4
+1 8
-1 12
cfi=(25)
cfn=(70)
calls=4 61 
* 85
* 16
cfi=(25)
cfn=(70)
calls=4 61 
* 92
-1 4
+7 4
-7 4
+7 4
+3 36
cfn=(108)
calls=4 1717 
* 176
* 4
+2 20
+67 7
+7 1
-2 1
+2 3
+3 3
+14 1
-27 1
+27 7
-84 8
+1 36
+6 4
+2 4
-2 4
+2 8
-2 4
+2 4
cfi=(42) /build/glibc-Cl5G7W/glibc-2.23/io/../sysdeps/unix/sysv/linux/wordsize-64/xstat.c
cfn=(140) _xstat
calls=4 34 
* 49
* 8
+1 1
+2 1
-2 1
+2 7
+7 3
-7 3
+7 9
-30 3
+23 6

fn=(114)
893 22
+10 2
-10 2
+10 2
-10 6
+10 2
cfi=(29) /build/glibc-Cl5G7W/glibc-2.23/elf/dl-debug.c
cfn=(86) _dl_debug_initialize
calls=2 50 
* 16
fi=(35) /build/glibc-Cl5G7W/glibc-2.23/elf/../sysdeps/posix/dl-fileid.h
37 6
fe=(22)
903 2
fi=(35)
37 2
cfi=(36)
cfn=(120)
calls=2 -3 
* 20
* 4
+4 2
fe=(22)
919 2
fi=(35)
40 2
+1 2
fe=(22)
919 29
+1 10
fi=(35)
49 12
fe=(22)
1465 16
937 4
+24 4
+10 4
+22 8
+32 4
904 2
1028 14
cfi=(15) /build/glibc-Cl5G7W/glibc-2.23/elf/dl-object.c
cfn=(32) _dl_new_object
calls=2 61 
* 882
+1 2
-1 2
+1 2
+11 4
+1 2
-1 2
+2 2
-1 2
+4 2
-1 4
-2 2
+2 4
+1 6
+1 2
+19 2
-2 2
+10 2
-8 12
+8 2
-8 6
+8 2
+87 2
+8 2
-8 8
+8 2
-8 6
-86 32
-1 136
+1 95
+6 4
+1 6
+1 2
+9 20
+5 32
+9 12
-1 12
+1 4
+1 8
+2 4
-2 4
+1 4
-1 4
+3 4
+4 4
-7 4
+2 4
+1 4
+4 4
+1 12
+4 6
-14 2
+14 12
+11 2
-11 6
-14 2
+14 12
+11 2
-44 2
+1 1
+46 3
+4 1
+1 1
+1 1
-1 2
+1 1
+3 3
+1 1
+3 1
-3 1
+7 4
+6 1
cfi=(30) /build/glibc-Cl5G7W/glibc-2.23/elf/dl-tls.c
cfn=(148) _dl_next_tls_modid
calls=1 49 
* 8
* 2
+1 1
+59 4
+1 6
+1 2
-6 4
+1 2
+8 6
1041 2
1229 2
1041 2
1229 2
+10 6
fi=(38) /build/glibc-Cl5G7W/glibc-2.23/elf/./dl-map-segments.h
56 4
fe=(22)
1239 6
fi=(38)
56 2
fe=(22)
1239 2
fi=(38)
56 2
fe=(22)
1239 4
fi=(38)
56 12
cfi=(37)
cfn=(122)
calls=2 -23 
* 70
+4 2
-4 2
+4 4
+3 4
+1 2
+2 2
-2 2
-1 2
+3 2
+10 4
fi=(40) /build/glibc-Cl5G7W/glibc-2.23/elf/./dl-load.h
+14 8
+1 6
+2 8
fi=(38)
+7 16
+6 2
+2 2
-2 2
+1 2
+2 2
-1 2
+1 2
-1 6
+8 4
+17 4
+12 4
-59 20
+2 4
+2 2
-2 4
+2 20
cfi=(37)
cfn=(122)
calls=2 -57 
* 62
* 6
fe=(22)
1251 8
+9 4
fi=(3) /build/glibc-Cl5G7W/glibc-2.23/elf/get-dynamic-info.h
39 2
fe=(22)
1260 2
fi=(3)
39 2
+6 2
-2 2
+2 4
+15 2
+5 2
+3 2
-1 2
-3 2
-3 36
+10 8
-26 24
+16 35
+10 35
-26 105
+26 2
-26 6
+2 90
+13 40
+2 8
+3 8
+13 4
+20 7
+1 8
+1 8
+1 8
+2 8
+5 8
+1 7
+1 8
+6 6
+5 4
+7 4
+1 6
+16 6
+5 1
+2 1
-2 1
+2 1
+2 2
+2 2
+3 6
+10 1
-8 4
+8 1
+5 2
+3 4
fe=(22)
1267 4
+15 6
+19 4
+2 10
+54 6
+1 2
+3 2
cfi=(24)
cfn=(132)
calls=1 84 
* 5
* 2
cfi=(24)
cfn=(132)
calls=1 84 
* 5
* 4
+9 4
+2 6
+2 2
-2 2
+2 2
+16 4
cfi=(6) /build/glibc-Cl5G7W/glibc-2.23/elf/dl-lookup.c
cfn=(10) _dl_setup_hash
calls=2 956 
* 46
+4 4
+1 4
+17 4
+9 2
-5 6
+5 2
+10 4
+10 6
cfi=(15)
cfn=(48) _dl_add_to_namespace_list
calls=2 32 
* 82
+4 8
fi=(3)
68 8
+2 10
fe=(22)
1413 2
fi=(38)
119 4
+8 16
cfi=(26)
cfn=(72)
calls=2 -74 
* 283
* 8
-54 8
-1 12
cfi=(39) /build/glibc-Cl5G7W/glibc-2.23/misc/../sysdeps/unix/syscall-template.S
cfn=(126) mprotect
calls=2 +12 
* 10
* 2
fi=(40)
+22 5
+1 11
+3 4
fi=(38)
+39 9
cfi=(37)
cfn=(122)
calls=1 33 
* 31
+3 3
fe=(22)
1255 2

fn=(108)
1717 66
+39 6
-39 18
+39 22
+31 24
cfi=(24)
cfn=(110)
calls=6 84 
* 46
+2 6
-2 6
+2 8
+10 2
+1 4
+5 16
cfi=(24)
cfn=(112) read
calls=2 84 
* 10
+2 4
+2 2
+2 2
-2 4
+2 2
+6 4
+16 8
cfi=(14) /build/glibc-Cl5G7W/glibc-2.23/string/../sysdeps/x86_64/multiarch/../memcmp.S
cfn=(30) bcmp
calls=2 24 
* 57
* 18
cfi=(14)
cfn=(30)
calls=2 24 
* 72
* 4
+74 4
+5 4
+2 8
+6 4
+11 4
+6 2
+1 2
-1 8
+1 2
-1 2
+1 4
+1 6
+20 106
+2 36
+4 8
+1 6
+12 14
+4 6
+5 1
+1 1
-13 4
cfi=(14)
cfn=(30)
calls=1 24 
* 25
* 8
cfi=(14)
cfn=(30)
calls=2 24 
* 60
* 6
+16 2
+3 7
+3 3
+1 5
-39 2
+67 20
-23 4
+23 28
1826 2
+7 4
cfi=(14)
cfn=(30)
calls=1 24 
* 24
* 2

fn=(76)
444 7
+2 1
-2 9
+4 3
cfi=(17)
cfn=(78) strsep
calls=1 -94 
* 238
* 3
cfi=(17)
cfn=(78)
calls=1 -94 
* 6
* 6
+7 2
+35 15
+1 8
+55 2
+2 2
cob=(2)
cfi=(16)
cfn=(82)
calls=1 0 
* 7
* 1
-39 2
+4 2
-1 4
cfi=(17)
cfn=(40)
calls=1 94 
* 29
* 1
+3 1
-3 1
+3 2
+5 1
+1 2
-2 1
+2 1
cfi=(25)
cfn=(70)
calls=1 61 
* 31
+3 1
-3 1
+1 1
+2 1
+6 2
+1 1
-1 2
+1 13
+1 11
-1 2
+3 2
+1 3
+7 1
+1 1
-1 2
383 3
cfi=(27)
cfn=(74)
calls=1 24 
* 23
* 2
+4 2
cfi=(28)
cfn=(80)
calls=1 40 
* 94
* 1
+74 2
+5 2
cfi=(11)
cfn=(22)
calls=1 66 
* 16
+1 2
+7 6
+9 1
-4 3
+4 2
+26 2
+43 1
+3 9
-15 2
-9 2
-57 2

fl=(15)
fn=(32)
61 42
+1 3
cfi=(11)
cfn=(22)
calls=3 +4 
* 66
+6 3
-6 6
+6 6
+7 12
cfi=(17)
cfn=(36) calloc
calls=3 +28 
* 171
* 3
+3 3
-3 3
+3 3
+4 3
+5 6
-6 3
+6 3
-5 3
+3 6
+2 3
cfi=(18)
cfn=(46)
calls=3 -26 
* 88
+10 3
-10 3
+10 3
-8 3
+9 6
-1 9
+1 9
+3 3
-4 3
+1 3
+3 3
+9 3
-7 3
+4 3
+3 9
+2 2
-2 2
+2 30
-2 30
+12 3
+6 3
-5 3
-1 3
+6 15
+2 2
+3 2
-3 2
+3 2
-3 4
+7 6
+4 4
+2 5
+6 1
+6 1
-3 2
+3 4
-3 4
+3 4
+2 6
cfi=(11)
cfn=(22)
calls=2 -91 
* 68
+4 2
-4 8
+4 6
+64 4
+4 24
68 30
+34 8
+39 8
+70 6
cfi=(25)
cfn=(70)
calls=2 61 
* 71
* 42
+6 40
-1 40
+1 42
-1 2
+1 6
+5 4
-89 2
+32 4
cfi=(17)
cfn=(40)
calls=2 -71 
* 58
* 2
+1 2
-1 2
+1 6
+2 1
-35 2

fn=(48)
32 15
+2 6
cfi=(2) /build/glibc-Cl5G7W/glibc-2.23/elf/rtld.c
cfn=(50) rtld_lock_default_lock_recursive
calls=3 704 
* 6
+2 3
-2 3
+2 19
+3 15
+2 2
+2 2
+4 2
+4 2
-4 4
+1 2
+4 4
-4 2
+1 2
+3 2
-3 2
+2 2
cfi=(2)
cfn=(52) rtld_lock_default_unlock_recursive
calls=2 710 
* 4
-4 1
+4 1
-4 2
+1 1
+4 2
-4 1
+1 1
+3 1
-3 1
+2 1
cfi=(2)
cfn=(52)
calls=1 710 
* 2
-5 2

fl=(33) /build/glibc-Cl5G7W/glibc-2.23/setjmp/../sysdeps/x86_64/setjmp.S
fn=(100) __sigsetjmp
26 3
+9 3
+1 6
+1 3
+4 3
+1 3
+1 3
+1 3
+1 3
+2 6
+2 3
+1 3
+1 3
+2 6
+2 3
+4 3
+1 3

fl=(17)
fn=(36)
103 8
+8 24
-4 8
+4 16
+3 8
cfn=(40)
calls=8 -20 
* 289
* 8

fn=(84)
120 1
+2 3
+7 2

fn=(40)
94 21
+1 42
cfn=(44) __libc_memalign
calls=21 -43 
* 582
* 21

fn=(78)
354 4
+2 2
+1 4
+4 33
+7 84
-2 56
+13 1
+4 2
-7 14
-15 44

fn=(44)
52 66
+1 87
+11 63
+3 21
-3 21
+3 42
-3 3
+3 1
-3 1
+3 82
+4 8
+1 4
+6 16
cfi=(37)
cfn=(122)
calls=2 -45 
* 66
+2 10
+4 6
+3 2
+1 2
+2 10
-3 20
+1 20
+2 100
-31 2
-1 5

fl=(6)
fn=(10)
956 12
+4 4
+4 8
+2 4
-1 4
+3 12
+1 4
+1 4
+3 4
-3 4
+7 4
-4 4
-1 4
+3 4
+2 4
-7 4
+7 4
+1 4

fn=(174) do_lookup_x
355 616
+1 88
-1 440
+48 88
-30 88
-11 88
+41 88
+7 176
-7 176
-30 352
+37 352
-44 176
+3 176
-3 370
+3 370
+4 546
+4 546
+4 546
+6 819
+8 273
-4 273
+1 273
+3 546
+1 819
+3 273
+1 546
+2 546
+8 273
-8 273
+8 2730
-99 190
553 1388
+1 54
cfi=(34)
cfn=(106)
calls=27 288 
* 2481
* 81
+3 570
+3 5
+1 704
-92 166
+50 616
+4 36
+12 166
+1 83
+1 166
413 522
+2 174
+2 1131
+13 258
-10 845
+2 166
+1 415
-1 83
+1 581
-1 83
+1 249
cfn=(176) check_match
calls=83 92 
* 7076
+4 249
+34 8
+94 28
439 747

fn=(176)
92 664
+3 581
+12 498
+3 400
cfi=(19)
cfn=(54)
calls=17 +34 
* 643
* 34
+5 83
-1 83
+1 83
+2 162
+19 162
+1 648
+46 83
-7 83
+7 415
-18 4
+2 2
+1 8
-1 10
-29 243
cfi=(19)
cfn=(54)
calls=81 +6 
* 1944
* 243

fn=(172) _dl_lookup_symbol_x
806 968
568 88
806 352
568 440
+1 88
-1 88
+1 264
-1 264
+1 1109
-1 1109
+1 3327
-1 3503
808 88
+4 88
+4 88
-8 88
+1 176
+7 250
+7 88
-2 88
+2 88
-2 88
+6 88
-7 88
+7 176
-7 528
+15 5
-8 25
+2 1232
cfn=(174)
calls=88 355 
* 32247
+3 264
+26 176
+22 83
+1 581
+31 83
+9 415
+14 249
+3 332
+5 83
+2 704
-85 35
+16 5
+1 10
+59 2

fl=(119) /build/glibc-Cl5G7W/glibc-2.23/elf/dl-fini.c
fn=(470) _dl_fini
130 8
+17 1
+3 15
+3 2
cfi=(2)
cfn=(50)
calls=1 704 
* 2
+2 1
+3 2
+2 6
+8 1
-3 1
+3 8
+7 8
+2 8
+2 4
+1 4
+5 4
-6 4
-6 4
+8 4
-8 9
+14 9
+1 2
+4 1
31 1
+2 1
192 1
33 1
+6 1
-1 1
+2 1
-2 2
+1 8
+1 1
cfi=(26)
cfn=(72)
calls=1 +13 
* 15
* 1
+77 15
+3 16
cfi=(26)
cfn=(72)
calls=2 -67 
* 37
* 6
-76 9
+1 9
+4 12
+6 6
+1 6
+2 15
+1 7
+2 9
+1 6
201 3
cfi=(2)
cfn=(52)
calls=1 710 
* 2
+5 3
81 4
208 1
+2 3
-2 3
+2 9
+3 8
+3 12
+4 4
+9 2
+3 2
-3 2
+3 4
+2 8
+1 4
cob=(4)
cfi=(55)
cfn=(484)
calls=1 0 
* 78
cob=(5)
cfi=(65)
cfn=(472)
calls=1 0 
* 16
-1 8
+5 4
+1 6
cob=(2)
cfi=(16)
cfn=(504)
calls=1 0 
* 3
cob=(2)
cfi=(16)
cfn=(482)
calls=1 0 
* 3
+6 24
+16 8
-56 11
+11 6
92 9
+21 3
-57 8
268 4
+2 1
-2 2
+6 2
+7 8

fl=(24)
fn=(132)
84 12
+1 3

fn=(110)
84 28
+1 3
+1 20

fn=(68)
84 12
+2 15

fn=(112)
84 8
+1 2

fl=(67) /build/glibc-Cl5G7W/glibc-2.23/elf/../elf/dl-runtime.c
fn=(262) _dl_fixup
66 14
+5 14
-5 7
+3 14
+3 7
-1 14
-3 7
+5 42
+1 7
-1 7
+1 14
+5 14
+4 14
+4 21
+4 7
+1 35
+2 28
+7 14
-1 7
+1 7
+10 63
cfi=(6)
cfn=(172)
calls=7 806 
* 5269
* 7
+4 35
+10 42
+16 7
-8 7
+8 21
+4 21
fi=(5) /build/glibc-Cl5G7W/glibc-2.23/elf/../sysdeps/x86_64/dl-machine.h
+90 7
fe=(67)
-86 21

fl=(18)
fn=(46)
61 14
+2 14
+2 14
+3 12
+1 12
+2 3
+1 3
+2 3
+1 3
+5 3
+1 3
-1 9
+1 9
+2 3
+1 3
+2 3
+1 6
+5 3
+1 3
-1 9
+1 9
+2 4
+1 4
+2 4
+1 4
+5 4
+1 4
-1 8
+1 8
+2 7
+1 7
+2 7
+1 7
+5 7
+1 7
-1 5
+1 10
+5 5
+1 5
+1 5
+1 5
+2 5
+2 5
+1 5
+2 5
+8 12
+8 6
+6 6
+2 6
+1 6
+3 2
+1 6
+5 2
+1 2
+2 2
+2 2
+1 2
+2 2
-8 5
+1 5
+2 5
+2 5
+1 5
+2 9
+9 2
+1 2
-1 4
+1 4
+3 6
+1 6
+1 6
+5 5
+2 5
+1 5
+1 5
+1 5
+2 5
+1 5
+1 5
+1 5
+2 5
+1 5
+2 5
+22 6
+6 6
+1 6
+2 2

fl=(43)
fn=(142)
185 9
+8 2
+3 3
+51 2
+9 1
+6 2
-6 4
+6 1
cfi=(24)
cfn=(68)
calls=1 84 
* 9
+19 1
-19 1
+19 158
cfn=(146) _dl_cache_libcmp
calls=10 138 
* 713
* 49
-15 4
+15 14
cfn=(146)
calls=1 138 
* 71
* 7
-82 4
cfi=(34)
cfn=(144)
calls=1 45 
* 94
+8 1
-8 1
+8 4
+1 4
cfi=(14)
cfn=(30)
calls=1 24 
* 38
* 2
+7 1
-3 1
+3 3
+3 1
+1 2
-1 1
+1 1
+1 4
cfi=(14)
cfn=(30)
calls=1 24 
* 32
* 2
+61 21
+16 2
+4 2
+8 3
cfi=(11)
cfn=(22)
calls=1 66 
* 34
* 2
+1 1
-1 4
+1 2
cfi=(18)
cfn=(46)
calls=1 61 
* 73
+1 2
cfi=(28)
cfn=(80)
calls=1 40 
* 109
+1 8
-31 9

fn=(206) _dl_unload_cache
322 4
-1 1
+3 2
cfi=(39)
cfn=(208) munmap
calls=1 84 
* 5
+1 1
+2 2

fn=(146)
138 33
+1 24
+2 108
+2 54
-2 54
+2 2
+6 1
+2 1
-1 1
-1 1
+1 1
+1 4
+2 5
+2 2
+6 106
+2 192
+4 43
+1 43
-29 86
+32 3
-7 20

fl=(14)
fn=(30)
24 13
+1 13
+1 13
+1 13
+1 13
+1 13
+1 13
+1 13
+3 13
+1 13
+1 5
+1 5
+1 5
+1 5
+1 5
+1 5
+1 5
+2 12
+1 12
+1 4
+1 4
+1 4
+1 4
+1 4
+1 4
+1 4
+2 12
+1 12
+1 5
+1 5
+1 5
+1 5
+1 2
+1 2
+1 2
+2 9
+1 9
+1 5
+1 5
+1 5
+1 5
+5 4
+1 4
+1 4
+1 4
+1 4
+1 4
+1 4
+1 2
+1 2
+1 2
+1 2
+1 2
+7 2
+2 3
+4 8
+1 8
+1 1
+1 1
+1 1
+1 1
+1 1
+1 1
+1 1
+1 1
+1 1
+1 1
+1 1
+4 9
+1 9

fl=(1) ???
fn=(0) 0x0000000000000c30
0 2
cfi=(2)
cfn=(2) _dl_start
calls=1 353 
0 88821
0 14
cfi=(54) /build/glibc-Cl5G7W/glibc-2.23/elf/dl-init.c
cfn=(212) _dl_init
calls=1 80 
0 1610
0 3
cob=(5)
cfi=(65)
cfn=(252)
calls=1 0 
0 38108725

fl=(30)
fn=(164) _dl_allocate_tls_storage
354 3
+2 1
+11 3
cfi=(17)
cfn=(44)
calls=1 52 
* 76
* 1
+1 2
+7 2
+4 1
-57 1
+57 296
-58 2
+1 2
cfi=(17)
cfn=(36)
calls=1 103 
* 38
* 1
+1 2
+3 1
+6 2
+64 5

fn=(162) _dl_determine_tlsoffset
138 7
+6 3
+3 2
+36 3
+2 10
+3 1
-1 1
+5 2
-5 3
+3 3
+2 5
+16 3
+2 2
-2 2
+2 2
+10 1
-37 2
+25 1
-25 4
+40 4
+1 1
+51 1
+1 8

fn=(200) _dl_add_to_slotinfo
890 3
+9 1
-9 1
+6 2
+8 5
+41 1
+1 3
+1 4

fn=(88) _dl_count_modids
115 2
+1 2

fn=(202) _dl_allocate_tls_init
450 2
-1 7
+5 1
+6 3
-6 1
+6 1
-4 1
+16 1
-15 3
+20 6
+6 16
+3 1
+1 2
+6 3
+3 1
-2 2
+2 4
+1 1
+3 1
-1 3
+4 2
+1 4
+2 2
+9 6
cfi=(25)
cfn=(70)
calls=1 61 
* 23
* 4
cfi=(26)
cfn=(72)
calls=1 53 
* 30
* 2
-38 3
+52 2
+2 1
+1 8

fn=(148)
49 1
+3 4
+48 1
+4 2

fl=(39)
fn=(208)
84 4
+1 1

fn=(126)
84 24
+1 6

fl=(45) /build/glibc-Cl5G7W/glibc-2.23/elf/dl-reloc.c
fn=(166) _dl_relocate_object
149 40
+15 4
-15 8
+15 4
+1 24
+6 8
+6 12
-18 8
+22 8
+7 4
-32 4
+32 4
+44 4
fi=(5)
76 12
fe=(45)
232 8
fi=(5)
76 12
+6 6
+4 9
+14 3
-8 3
+10 3
-2 6
+20 6
+9 3
fe=(45)
258 164
-98 18
fi=(5)
301 24
fe=(45)
-43 3
fi=(4) /build/glibc-Cl5G7W/glibc-2.23/elf/do-rel.h
58 3
-10 3
-1 6
+11 3
-11 3
+11 3
fe=(45)
258 1
-98 6
fi=(5)
301 8
fe=(45)
-43 1
fi=(4)
58 1
-10 1
-1 2
+11 1
-11 1
+11 1
fe=(45)
258 4
fi=(4)
58 4
-10 4
-1 8
+11 4
-11 4
+11 4
+3 15
fi=(5)
528 22
+4 22
+2 33
+1 11
fi=(4)
61 54
+2 76
+2 26
-4 3
+13 6
+1 5
+1 16
fi=(5)
528 8
+26 8
fi=(4)
75 8
fi=(5)
554 16
cob=(3)
cfi=(53) ???
cfn=(198) memcpy@GLIBC_2.2.5
calls=1 0 
* 11
cob=(3)
cfi=(52) /build/glibc-Cl5G7W/glibc-2.23/time/../sysdeps/unix/sysv/linux/x86/gettimeofday.c
cfn=(194) gettimeofday
calls=1 37 
* 66
cob=(3)
cfi=(51) /build/glibc-Cl5G7W/glibc-2.23/string/../sysdeps/x86_64/multiarch/strspn.S
cfn=(192) strspn
calls=1 30 
* 6
cob=(3)
cfi=(50) /build/glibc-Cl5G7W/glibc-2.23/string/../sysdeps/x86_64/multiarch/strcspn.S
cfn=(190) strpbrk
calls=1 45 
* 6
cob=(3)
cfi=(46) /build/glibc-Cl5G7W/glibc-2.23/string/../sysdeps/x86_64/multiarch/strcmp.S
cfn=(188) strncasecmp
calls=1 129 
* 5
cob=(3)
cfi=(50)
cfn=(186) strcspn
calls=1 45 
* 6
cob=(3)
cfi=(47) /build/glibc-Cl5G7W/glibc-2.23/time/../sysdeps/unix/sysv/linux/x86/time.c
cfn=(180) time
calls=1 38 
* 66
cob=(3)
cfi=(46)
cfn=(178) strcasecmp
calls=1 109 
* 5
fi=(4)
75 8
fi=(5)
555 8
fi=(4)
75 11
fe=(45)
258 2
fi=(4)
75 14
fe=(45)
258 14
+3 16
+24 4
+3 8
+17 12
+2 32
fi=(4)
84 5
-1 5
+3 10
-3 5
+3 5
+12 15
+10 6
+3 8
fi=(5)
512 2
fi=(4)
112 4
fi=(5)
512 1194
fi=(4)
112 2380
fi=(5)
512 2380
+5 2384
+1 2384
fi=(4)
111 2384
fi=(5)
518 1192
fi=(4)
111 1192
+7 15
+6 4
-3 8
+3 10
fi=(5)
447 9
fi=(4)
127 372
+9 186
+3 93
-3 93
+3 93
fi=(5)
269 93
fi=(4)
138 93
-2 93
+1 372
fi=(5)
269 93
+21 186
+4 186
+7 1778
fi=(4)
137 76
fi=(5)
301 152
fi=(4)
137 76
fi=(5)
301 76
fi=(4)
137 76
fi=(5)
301 1216
cfi=(6)
cfn=(172)
calls=76 806 
* 42463
* 608
+2 237
+3 92
-3 184
+3 276
+6 558
fe=(45)
178 8
fi=(5)
435 237
fi=(4)
124 285
+19 6
fi=(5)
301 54
fi=(4)
108 3
fi=(5)
407 42
+4 70
+14 70
fe=(45)
313 20
+3 4
-3 8
+3 4
+4 8
+1 16
cfi=(39)
cfn=(126)
calls=4 84 
* 20
* 12
fi=(5)
123 15
+6 12
fe=(45)
258 3
fi=(4)
129 8
fi=(5)
301 87
fi=(4)
160 7
+2 20
+8 10
+1 5
-1 5
+1 5
fi=(5)
+98 5
fi=(4)
-99 15
fi=(5)
+99 5
+21 10
+4 10
+7 180
cfi=(6)
cfn=(172)
calls=5 806 
* 2409
* 35
+2 15
+3 1
-3 2
+3 3
+6 30
435 15
fi=(4)
160 17
+14 2
fi=(5)
301 6
fe=(45)

fl=(7) /build/glibc-Cl5G7W/glibc-2.23/elf/../elf/dl-sysdep.c
fn=(204) _dl_sysdep_start_cleanup
256 1

fn=(12) _dl_sysdep_start
86 8
+25 1
-1 1
+1 231
+6 1
-3 1
+1 1
-4 1
+3 1
+3 4
+1 2
-1 25
+1 108
-1 106
+62 1
+1 1
-1 1
+1 1
-29 1
+1 2
+11 1
+1 1
-1 1
+1 1
-7 1
+1 1
-1 1
+1 1
-4 1
+1 2
-25 1
+1 2
-4 1
+1 2
-7 1
+1 1
+2 1
+1 1
fi=(9) /build/glibc-Cl5G7W/glibc-2.23/elf/../sysdeps/unix/sysv/linux/dl-sysdep.c
-90 2
cfi=(10) /build/glibc-Cl5G7W/glibc-2.23/elf/../sysdeps/unix/sysv/linux/x86_64/brk.c
cfn=(18) brk
calls=1 -4 
* 11
fi=(5)
223 5
fi=(8) /build/glibc-Cl5G7W/glibc-2.23/elf/../sysdeps/x86/cpu-features.c
61 2
+3 1
-3 1
+3 9
175 3
+1 1
+3 2
+1 1
+2 2
+1 7
+7 3
+4 2
+2 4
+51 2
fe=(7)
-16 1
fi=(8)
+27 1
+1 1
+1 1
fe=(7)
-29 1
+1 1
cfi=(11)
cfn=(22)
calls=1 66 
* 32
* 1
+2 2
cfi=(12) /build/glibc-Cl5G7W/glibc-2.23/elf/../misc/sbrk.c
cfn=(24) sbrk
calls=1 34 
* 17
* 3
+12 3
+3 5
cfi=(2)
cfn=(26) dl_main
calls=1 790 
* 87455
+1 1
+1 8
fi=(8)
-4 2
+1 2
+4 2
-52 2
+1 1
+6 3
+2 1
+3 3
+16 2
+1 1
+2 2
29 2
+4 1
-4 1
+5 1
-1 1
+2 1
-1 1
+1 1
-2 1
+1 1
+1 1
+1 1
-7 2
+3 1
+4 1
+5 1
+32 2
-32 1
+27 1
+5 1
+3 1
+1 8
+57 2
-66 2
+44 2
248 2
+3 2
fe=(7)

fl=(36)
fn=(120)
34 3
-1 3
+1 3
+1 18
+4 3

fl=(19)
fn=(54)
144 190
+1 190
+2 190
+1 190
+21 190
+1 190
+1 149
+1 149
+1 146
+1 146
+1 146
+1 146
+21 146
+1 146
+1 146
+1 146
+1 146
+1 146
+1 146
+5 5
+1 5
+9 5
+1 5
+1 5
+1 5
+1 5
+1 5
+1 5
+1 5
-7 44
+1 44
+1 44
+1 44
+1 44
+1 44
+1 44
+1 44
+1 48
+1 23
+1 23
+1 23
+2 23
+1 23
+1 23
+1 23
+1 23
+1 23
-5 25
+1 25
+1 25
+1 25
+1 25
+1 25
+10 1
+1 1
+1 1
+2 1
+6 1
+1 1
+1 1
+1 1
+1 1
+5 1
1196 4
+1 4
+1 4
+1 4
+1 4
+2 4
+1 4
+1 4
+1 4
+1 4
+1 4
+1 4
1321 36
+1 36
+1 36
+1 36
+1 36
+2 36
+1 36
+1 36
+1 36
+1 36
+1 36
+1 36
1571 1
+1 1
+1 1
+1 1
+1 1
+2 1
+1 1
+1 1
+1 1
+1 1
+1 1
+1 1
1696 1
+1 1
+1 1
+1 1
+1 1
+2 1
+1 1
+1 1
+1 1
+1 1
+1 1
+1 1
1821 3
+1 3
+1 3
+1 3
+1 3
+2 3
+1 3
+1 3
+1 3
+1 3
+1 3
+1 3
+1 3
+4 3
+1 3
+1 3
+6 3
+1 3
+1 6
+4 3
+1 3
+3 3
+1 3
+1 3
+3 3
+1 3
+1 3
+6 3
+1 3
+1 3
+1 3
+1 3
+1 3
+72 2
+1 2
+1 2
+1 2
+1 2
+2 2
+1 2
+1 2
+1 2
+1 2
+1 2
+1 2
+1 1
+4 1
+1 1
+1 1
+6 1
+1 1
+1 2
+4 1
+1 1
+3 1
+1 1
+1 1
+3 1
+1 1
+1 1
+6 1
+1 1
+1 1
+1 1
+1 1
+1 1
+72 1
+1 1
+1 1
+1 1
+1 1
+2 1
+1 1
+1 1
+1 1
+1 1
+1 1
+1 1
+2 1
+4 1
+1 1
+1 1
+6 1
+1 1
+2 2
+4 1
+1 1
+3 1
+1 1
+1 1
+3 1
+1 1
+1 1
+6 1
+1 1
+1 1
+1 1
+1 1
+1 1
+74 5
+2 5
+1 5
+1 5
+1 5
-3 44
+1 44
+1 44
+1 44
+1 69
+5 23
+6 23
+1 23
+8 23
+1 23
-16 167
+6 167
+1 167
+8 167
+1 167

fl=(29)
fn=(90) _dl_debug_state
74 2

fn=(86)
50 8
+5 6
+5 2
-1 1
+1 2
+1 2
-1 1
+4 1
-13 4
+4 8
+4 1
-1 1
-58 4

fl=(44) /build/glibc-Cl5G7W/glibc-2.23/elf/dl-version.c
fn=(154) _dl_check_all_versions
380 5
+4 7
+2 28
cfn=(156) _dl_check_map_versions
calls=4 189 
* 2347
-2 4
+2 12
-1 4
-1 8
+5 7

fn=(158) match_symbol
76 33
+9 3
-8 3
-1 6
+1 3
+8 3
+6 9
+15 3
+1 6
+2 3
+5 6
+14 20
+12 21
+4 7
-30 14
+19 15
cfi=(19)
cfn=(54)
calls=3 +11 
* 72
* 6
+35 24

fn=(156)
189 12
-15 36
+17 4
+3 12
-3 4
+2 4
+1 4
+2 4
-3 4
+3 4
+3 4
+4 2
-4 2
+4 8
+17 2
56 4
220 2
56 10
+1 5
-1 10
+2 21
cfi=(34)
cfn=(106)
calls=7 288 
* 745
* 16
228 6
+5 16
+19 1
-15 42
cfn=(158)
calls=1 76 
* 75
* 8
cfn=(158)
calls=2 76 
* 182
* 3
+7 18
+3 9
+9 12
+14 4
+3 8
+10 28
-7 112
+3 84
-3 8
+3 6
+8 9
+87 8
-81 12
cfi=(17)
cfn=(36)
calls=3 103 
* 114
* 3
+1 3
-2 3
+2 3
+11 3
+2 3
-5 3
+3 3
+2 3
-2 3
+2 3
+3 8
+4 6
+18 1
-15 3
+2 3
-2 6
+2 6
+2 3
+1 3
-1 6
+1 3
-1 3
+1 3
+1 3
-2 3
+2 6
+1 9
+3 9
+8 6
+10 9
+3 8
+20 28
-14 60
-2 28
+7 56
+1 28
-1 84
+1 28
-1 28
+1 28
+1 28
+3 90
+10 27
183 2
-8 2
+95 4
-80 2

fl=(37)
fn=(122)
33 8
-1 80
+1 20
+1 80
+2 56
-3 18

fl=(75) /build/glibc-Cl5G7W/glibc-2.23/elf/dl-open.c
fn=(306) _dl_find_dso_for_object
182 5
+1 4
+1 12
+1 2
+3 2
+4 1
-9 6

fl=(32) /build/glibc-Cl5G7W/glibc-2.23/elf/dl-error.c
fn=(150) _dl_receive_error
205 10
+1 1
cfi=(2)
cfn=(98) _dl_initial_error_catch_tsd
calls=1 664 
* 2
+5 1
-1 1
-4 1
+9 1
+2 1
-3 1
+3 1
cfi=(2)
cfn=(152) version_check_doit
calls=1 529 
* 2432
+2 1
+1 1
+1 8

fn=(96) _dl_catch_error
163 6
+15 3
-3 6
+1 6
-13 6
+14 6
+1 3
+2 3
cfi=(2)
cfn=(98)
calls=3 664 
* 6
+2 3
-1 3
+4 3
-3 6
+3 3
-4 3
+4 3
cfi=(33)
cfn=(100)
calls=3 26 
* 60
* 9
+2 9
cfi=(41) /build/glibc-Cl5G7W/glibc-2.23/elf/dl-deps.c
cfn=(136) openaux
calls=2 60 
* 5526
cfi=(2)
cfn=(102) map_doit
calls=1 496 
* 2372
+1 6
+2 3
+1 3
-3 3
+1 6
+1 3
+9 3
-8 3
+8 9

fl=(21) /build/glibc-Cl5G7W/glibc-2.23/posix/../sysdeps/unix/syscall-template.S
fn=(62) uname
84 4
+1 1

fl=(9)
fn=(60) _dl_discover_osversion
45 7
+2 3
+85 8
-45 3
cfi=(21)
cfn=(62)
calls=1 -3 
* 5
* 1
+15 1
-15 1
+20 1
-1 1
+3 12
+4 3
-2 6
+2 10
+2 1
+1 2
-3 4
+7 3
-1 3
+4 3
-2 3
+2 10
+5 2

fl=(12)
fn=(24)
34 4
+8 6
+4 2
+16 5

fl=(13) /build/glibc-Cl5G7W/glibc-2.23/elf/dl-environ.c
fn=(28) _dl_next_ld_env_entry
30 3
+3 10
+13 72
-13 216
+2 148
+1 40
+5 2
-3 2
+3 2
+2 2
-12 1
+19 1

fl=(27)
fn=(74)
24 7
+1 7
+1 7
+1 7
+1 7
+1 7
+1 7
+1 7
+1 7
+1 7
+1 7
+1 7
+1 7
+1 7
+1 7
+1 7
+1 7
+1 5
+4 5
+1 5
+1 5
+1 5
+2 5
+4 2
+1 2
+1 2
+1 2
+1 2
+1 2
+1 2
+1 2
+1 2
+1 2
+1 2
+1 2
+1 2
+1 2
+1 2
+1 2
+1 2
+1 2
+1 2
+1 2
+1 2
+1 2
+1 2
+1 2
+52 2
+4 2
+1 2
+1 2
+1 2
+2 2

fl=(2)
fn=(52)
710 10

fn=(160) init_tls
589 1
+6 1
-6 1
+2 2
+4 1
+10 4
cfi=(17)
cfn=(36)
calls=1 103 
* 38
* 1
+11 1
-5 1
-7 1
+6 1
+2 1
-1 1
+5 1
+2 1
-1 1
+1 10
+2 8
+4 1
+2 1
-2 2
-5 8
+9 3
+3 1
cfi=(30)
cfn=(162)
calls=1 138 
* 71
+7 1
cfi=(30)
cfn=(164)
calls=1 354 
* 439
+1 1
-1 1
+1 1
+6 1
+3 1
-3 1
+3 6
+3 1
+2 1
+1 2

fn=(92) handle_ld_preload
757 7
+1 1
-1 1
-75 1
+86 1
-11 1
-75 6
+80 3
fi=(31) /build/glibc-Cl5G7W/glibc-2.23/elf/../string/bits/string2.h
961 1
+1 145
+1 46
-2 46
+2 46
-2 139
+2 1
-2 3
fe=(2)
766 2
+10 4
108 3
779 2
677 1
+5 5
-10 1
+4 1
+1 1
+1 1
+2 1
+2 1
cfi=(32)
cfn=(96)
calls=1 163 
* 2434
+1 3
+13 3
+84 1
-18 3
+21 9
-15 4
cfi=(18)
cfn=(46)
calls=1 61 
* 70
* 1
+1 2

fn=(102)
496 1
+2 1
-2 1
+3 8
cfi=(22)
cfn=(104)
calls=1 2189 
* 2358
* 1
+2 2

fn=(26)
790 1
+19 1
-19 7
2390 1
790 3
+19 1
+3 1
-22 1
2385 1
812 1
+4 2
+1 2
+5 2
2383 2
+7 4
-4 1
+4 8
+2 2
cfi=(13)
cfn=(28)
calls=1 30 
* 88
* 4
cfi=(13)
cfn=(28)
calls=2 30 
* 411
* 9
+4 50
+1 19
-1 57
+3 4
+6 14
2553 3
+30 3
832 3
1033 7
cfi=(15)
cfn=(32)
calls=1 61 
* 250
+2 1
-2 1
+2 1
+1 1
+1 1
+5 2
-5 1
+1 2
+4 1
cfi=(15)
cfn=(48)
calls=1 32 
* 33
+1 3
799 1
1072 1
-3 1
-5 1
+1 1
+2 1
+5 7
+56 5
-55 24
-1 27
+1 47
1175 5
+3 2
+2 2
+2 3
+13 3
+1 6
cfi=(19)
cfn=(54)
calls=1 144 
* 44
* 2
+7 1
+3 1
-5 1
+3 1
+2 1
+1 2
+4 2
+2 2
fi=(3)
30 1
+9 2
+6 1
-2 1
+2 2
+15 1
+5 1
+3 1
+2 1
-3 1
-3 1
-3 14
+10 3
-26 9
+16 19
+10 19
-26 57
+26 1
-26 3
+2 46
+13 16
+2 4
+16 3
+38 3
+5 2
+7 2
+1 3
+16 3
+14 3
+18 2
fe=(2)
1218 2
cfi=(6)
cfn=(10)
calls=1 956 
* 23
+3 2
fi=(20) /build/glibc-Cl5G7W/glibc-2.23/elf/setup-vdso.h
24 2
fe=(2)
1243 1
cfi=(9)
cfn=(60)
calls=1 45 
* 93
* 8
-75 2
+1 2
+1 1
-6 2
+1 1
-88 3
+1 1
+50 2
-1 8
+2 4
+1 1
+3 2
+1 2
-1 2
+1 2
+1 2
+1 6
+1 2
-43 1
-2 2
+27 1
-25 2
+7 1
-10 1
+10 1
-19 3
+1 1
fi=(3)
65 4
+3 4
+2 4
fe=(2)
2480 1
+1 1
-1 2
+1 3
cfi=(14)
cfn=(30)
calls=1 24 
* 31
* 2
-55 4
cfi=(14)
cfn=(30)
calls=1 24 
* 18
* 2
+7 4
cfi=(14)
cfn=(30)
calls=1 24 
* 36
* 2
+2 3
+48 3
1248 2
cfi=(22)
cfn=(64)
calls=1 689 
* 1578
+3 3
cfi=(29)
cfn=(86)
calls=1 50 
* 17
+7 1
-7 1
+2 1
+5 1
+3 3
+1 1
+3 1
-3 3
+1 2
+3 1
+5 1
-7 1
+7 1
+1 5
+17 2
+1 2
+5 1
-3 4
+2 2
+1 3
+5 3
+1 5
+2 2
+1 2
+5 2
+5 1
805 1
1314 2
1491 1
cfi=(30)
cfn=(88)
calls=1 115 
* 4
* 1
+8 3
+3 1
+4 3
+5 1
+1 1
cfi=(29)
cfn=(90)
calls=1 74 
* 1
+1 1
+4 3
+15 3
+4 1
-2 1
+2 2
+2 3
+1 1
-1 2
+1 1
cfn=(92)
calls=1 757 
* 3001
* 1
+1 1
+2 6
+10 3
cfi=(24)
cfn=(68)
calls=1 84 
* 9
* 2
+77 1
-96 1
+96 3
+17 3
+1 1
-1 1
+1 2
-1 1
+1 5
cfi=(41)
cfn=(134) _dl_map_object_deps
calls=1 161 
* 7046
+1 1
+2 2
+3 1
-3 3
+3 1
-3 1
+3 3
+1 4
-1 2
+1 12
-1 6
+4 3
+1 3
+1 1
+2 2
+1 6
-1 5
+1 5
-1 3
-3 1
+16 1
+1 2
-1 1
+1 1
+2 1
+2 3
+2 1
-4 1
+5 1
-1 2
+14 2
+1 2
+1 3
+11 1
+2 1
-2 1
+2 2
-1 1
+1 1
-2 3
+2 1
cfi=(32)
cfn=(150)
calls=1 205 
* 2462
+10 1
+1 1
-1 1
+1 1
+1 1
cfn=(160)
calls=1 589 
* 619
* 1
+2 2
719 1
+2 3
fi=(123) /build/glibc-Cl5G7W/glibc-2.23/elf/../sysdeps/unix/sysv/linux/dl-osinfo.h
77 1
fe=(2)
730 1
+7 1
-5 1
1729 3
1959 3
2129 4
+2 1
+5 3
cfi=(30)
cfn=(202)
calls=1 450 
* 147
+3 2
+9 3
+2 2
+15 1
+2 1
-2 2
+3 1
-3 1
+3 1
-3 1
+3 3
cfi=(45)
cfn=(166)
calls=1 149 
* 3984
+1 1
+2 6
+8 1
cfi=(7)
cfn=(204)
calls=1 256 
* 1
+4 3
+20 3
cfi=(29)
cfn=(86)
calls=1 50 
* 8
+1 1
-1 1
+2 1
cfi=(29)
cfn=(90)
calls=1 74 
* 1
+1 1
+4 1
cfi=(43)
cfn=(206)
calls=1 322 
* 15
+5 8
2080 3
+7 1
+2 3
+19 1
-19 4
+2 1
+2 12
+5 8
+2 8
+6 4
+2 8
+1 24
cfi=(45)
cfn=(166)
calls=3 149 
* 66359
+4 14
-22 10
+25 1
+2 5
+6 1
-6 1
+6 1
-10 2
cfi=(30)
cfn=(200)
calls=1 890 
* 20
* 1
-12 1
+1 1
-3 2
-85 1
+11 1
-7 1
-4 1
+4 3
+4 2
+3 1
1672 2
-39 5
+1 1
-1 3
+4 3
+1 1
+1 2
+1 2
1237 3

fn=(50)
704 10

fn=(2)
353 9
+18 4
fi=(5)
59 1
fe=(2)
371 1
fi=(3)
45 1
fi=(5)
+14 2
fe=(2)
397 1
fi=(3)
45 1
fe=(2)
394 1
fi=(3)
45 1
+25 2
-3 1
-7 1
+5 1
+3 1
+2 1
-3 1
-3 1
-3 2
-13 26
+23 13
-26 39
+26 1
-26 3
+2 36
+13 20
+1 16
+10 4
-26 12
+33 2
+20 4
+1 4
+1 4
+1 4
+2 4
+5 4
+1 4
+1 4
+6 3
+5 2
+7 3
+1 3
+8 3
+2 3
+3 2
+1 2
fe=(2)
408 2
302 1
415 1
302 1
cfi=(6)
cfn=(10)
calls=1 956 
* 23
+1 2
+1 2
+1 2
+1 2
+8 1
+9 1
-9 3
+9 1
-6 1
-3 1
+9 1
cfi=(7)
cfn=(12)
calls=1 86 
* 88173
* 1
+9 1
+3 4
+4 1
-4 1
+4 1
440 9
fi=(3)
62 4
+3 4
fe=(2)
413 26
fi=(4)
84 1
+27 1
-28 1
+28 2
+1 2
fi=(5)
517 2
fi=(4)
112 18
fi=(5)
517 18
+1 20
fi=(4)
111 20
fi=(5)
518 10
fi=(4)
111 10
+5 2
+8 1
fi=(5)
312 1
fi=(4)
124 2
+12 1
+1 3
fi=(5)
266 1
fi=(4)
137 1
fi=(5)
294 1
fi=(4)
137 2
fi=(5)
294 1
fi=(4)
136 5
+1 15
fi=(5)
266 5
fi=(4)
137 5
fi=(5)
294 5
fi=(4)
137 10
fi=(5)
294 5
+9 12
+3 6
-3 12
+3 18
+6 36
fi=(3)
68 4
+2 3
fi=(5)
425 12
fi=(4)
124 19
fe=(2)

fn=(152)
529 2
+2 4
cfi=(44)
cfn=(154)
calls=1 380 
* 2422
* 2
+4 2

fn=(98)
664 8

fl=(54)
fn=(214) call_init.part.0
28 20
+8 4
+3 4
-3 8
+3 12
+5 21
+5 4
+9 12
cob=(3)
cfi=(56) /build/glibc-Cl5G7W/glibc-2.23/csu/../csu/init-first.c
cfn=(228) _init
calls=1 -6 
* 176
cob=(2)
cfi=(16)
cfn=(216)
calls=1 -58 
* 6
* 2
+4 4
+6 2
+2 4
-2 4
+3 10
+1 8
cob=(3)
cfi=(62) /build/glibc-Cl5G7W/glibc-2.23/string/../sysdeps/x86_64/cacheinfo.c
cfn=(240) init_cacheinfo
calls=1 482 
* 1161
cob=(4)
cfi=(55)
cfn=(220)
calls=1 -72 
* 17
* 4
cob=(3)
cfi=(64) /build/glibc-Cl5G7W/glibc-2.23/elf/dl-altinit.c
cfn=(248) dlinit_alt
calls=1 -39 
* 4
* 3
-1 6
+3 24
-29 3
-5 3

fn=(212)
80 11
+1 1
+1 1
+3 3
+8 2
+1 2
+25 15
+1 12
-90 20
cfn=(214)
calls=3 -2 
* 1450
* 3
+96 8
-96 2
+58 2
+16 1
cfn=(214)
calls=1 -76 
* 76
* 1

fl=(10)
fn=(18)
31 7
+8 1
-6 2
+7 1

fl=(41)
fn=(134)
161 1
-1 1
+1 1
-1 4
+1 1
-1 2
+1 1
-1 2
+1 1
-1 2
+1 3
-15 1
+15 1
-17 1
+1 1
+1 1
+6 4
+26 1
-26 1
+26 7
-34 1
+2 1
+33 2
-33 1
-2 1
+2 2
-2 1
+1 1
+1 1
+6 3
+26 1
-26 1
+26 5
+4 1
+21 1
+1 1
-22 2
+19 1
-12 1
+15 1
-16 2
+13 1
317 9
217 1
-4 1
-4 1
+8 4
-4 3
-4 3
+8 3
+12 8
+2 2
+11 2
-5 2
-6 4
+5 2
+2 4
+1 4
+3 14
+50 6
+1 3
-51 192
+1 96
+6 10
cfi=(27)
cfn=(74)
calls=2 24 
* 70
* 4
+5 10
-3 2
+3 2
cfi=(32)
cfn=(96)
calls=2 -91 
* 5650
+2 6
+15 2
+2 4
+5 2
+6 2
+2 2
-8 4
+3 2
+1 2
+1 2
+1 2
+4 12
+7 138
459 12
+2 6
+2 6
cfi=(17)
cfn=(40)
calls=2 94 
* 58
* 2
+2 2
-2 2
+2 2
+4 8
-1 2
+1 2
cfi=(18)
cfn=(46)
calls=2 61 
* 41
+1 10
cfi=(18)
cfn=(46)
calls=2 61 
* 41
+4 2
-1 2
+5 22
+7 6
+1 1
+3 5
+10 4
cfi=(17)
cfn=(40)
calls=1 94 
* 29
* 1
+3 1
-3 1
+3 1
+5 6
+1 1
-1 3
+1 2
+8 2
+4 3
-4 1
-6 3
-2 3
+8 6
+4 9
-4 3
-6 9
+13 3
+51 3
+2 3
+42 1
-4 1
+5 2
-1 4
+1 2
cfi=(26)
cfn=(72)
calls=1 53 
* 15
* 1
-2 9
+7 1
-1 1
+1 1
-1 2
+7 1
-7 1
+7 2
-13 2
+7 2
-1 2
+1 2
-1 4
+7 2
-7 2
+7 6
+2 8
+1 4
-1 4
+1 3
+2 9
+1 6
+28 18
cfi=(26)
cfn=(72)
calls=2 53 
* 37
* 10
-6 3
-28 6
+31 10
-6 2
+16 2
+2 1
+1 1
-1 1
+2 3
+7 3
+3 3
+3 8
481 9
-1 4
+1 9
202 2
+27 8
-19 4
+8 25
+2 2
+2 8
+2 30
338 6
611 8
cfi=(18)
cfn=(46)
calls=1 61 
* 28
+2 1
-38 1
+38 1
209 2

fn=(136)
60 4
+7 2
-4 22
cfi=(22)
cfn=(104)
calls=2 2189 
* 5492
* 2
+5 4

fl=(25)
fn=(70)
61 17
+4 17
+3 16
+1 16
+2 7
+1 7
+2 7
+1 7
+5 7
+1 7
-1 9
+1 9
+2 10
+1 10
+2 10
+1 10
+5 10
+1 10
-1 6
+1 6
+2 5
+1 5
+2 5
+1 5
+5 5
+1 5
-1 11
+1 11
+2 7
+1 7
+2 7
+1 14
+5 7
+1 7
-1 9
+1 11
+5 2
+1 2
+1 2
+1 2
+2 2
+2 2
+1 2
+2 2
+6 16
+4 16
+12 2
+2 2
+1 2
+26 2
+1 2
+3 2
+1 2
+1 2
+5 2
+2 2
+1 2
+1 2
+1 2
+2 2
+1 2
+1 2
+1 2
+2 2
+1 2
+2 2
+22 2
+2 2
+2 1
+7 1

fl=(28)
fn=(80)
40 12
+1 3
cfi=(11)
cfn=(22)
calls=3 +25 
* 84
* 3
+1 6
cfi=(17)
cfn=(40)
calls=3 +52 
* 87
* 3
+2 6
+4 3
-1 6
+1 6
-1 6
cfi=(18)
cfn=(46)
calls=3 +14 
* 106

fl=(26)
fn=(72)
53 13
+1 13
+1 13
+1 13
+1 13
+2 13
+1 13
+1 11
+1 11
+15 2
+1 2
+1 2
+1 2
+1 2
+1 2
+1 2
+1 2
+1 2
+1 2
+1 2
+1 2
+1 2
+1 4
+3 2
+1 2
+1 2
+1 2
+1 2
+1 2
+1 2
-6 34
+1 34
+1 34
+1 34
+1 34
+1 34
+1 34
+1 2
+3 11
+1 11
+1 11
+1 4
+1 4
+1 2
+1 2
+3 2
+1 2
+1 2
+1 2
+2 2
+1 2
+1 2
+2 7
+1 7
+1 7

fl=(66)
fn=(260)
64 1
+3 1
+2 1
+2 1
+3 1
+1 1
+1 1
+1 1
+1 1
+1 1
+1 1
+1 1
+1 1
+1 1
+1 1
+1 1
+1 1
+1 1
+1 1
+5 1
+1 1
+1 1
+1 1
+14 1
+1 1
+1 1
cfi=(67)
cfn=(262)
calls=1 -46 
* 895
+1 1
+5 1
+1 1
+1 1
+1 1
+13 1
+1 1
+1 1
+1 1
+1 1
+1 1
+1 1
+1 1
+1 1
+1 1
+1 1
+1 1
+1 1
+1 1
+1 1
+2 1
+2 1
+4 1
+3 1
cob=(3)
cfi=(68) /build/glibc-Cl5G7W/glibc-2.23/csu/../csu/libc-start.c
cfn=(266) (below main)
calls=1 -25 
* 38107764

fn=(261)
64 6
+3 6
+2 6
+2 6
+3 6
+1 6
+1 6
+1 6
+1 6
+1 6
+1 6
+1 6
+1 6
+1 6
+1 6
+1 6
+1 6
+1 6
+1 6
+5 6
+1 6
+1 6
+1 6
+14 6
+1 6
+1 6
cfi=(67)
cfn=(262)
calls=6 -46 
* 4899
+1 6
+5 6
+1 6
+1 6
+1 6
+13 6
+1 6
+1 6
+1 6
+1 6
+1 6
+1 6
+1 6
+1 6
+1 6
+1 6
+1 6
+1 6
+1 6
+1 6
+2 6
+2 6
+4 6
+3 6
cob=(3)
cfi=(90)
cfn=(372)
calls=1 28 
* 1519
cob=(3)
cfi=(88)
cfn=(362)
calls=1 32 
* 32
cob=(3)
cfi=(69) /build/glibc-Cl5G7W/glibc-2.23/stdlib/cxa_atexit.c
cfn=(268) __cxa_atexit
calls=1 57 
* 66
cfi=(75)
cfn=(306)
calls=1 +23 
* 32
cob=(3)
cfi=(71)
cfn=(292) calloc
calls=1 3172 
* 59505
cob=(3)
cfi=(70) /build/glibc-Cl5G7W/glibc-2.23/gmon/gmon.c
cfn=(284) monstartup
calls=1 -58 
* 60369

fl=(42)
fn=(140)
34 4
-1 4
+1 4
+1 24
+4 1
-4 12

ob=(3)
fl=(86) /build/glibc-Cl5G7W/glibc-2.23/setjmp/../sysdeps/x86_64/setjmp.S
fn=(352) __sigsetjmp
26 1
+9 1
+1 2
+1 1
+4 1
+1 1
+1 1
+1 1
+1 1
+2 2
+2 1
+1 1
+1 1
+2 2
+2 1
+9 1
cfi=(87) /build/glibc-Cl5G7W/glibc-2.23/setjmp/sigjmp.c
cfn=(354) __sigjmp_save
calls=1 -36 
* 9

fl=(106) /build/glibc-Cl5G7W/glibc-2.23/string/../sysdeps/x86_64/memcpy.S
fn=(420) __GI_mempcpy
61 1902
+4 1902
+3 1874
+1 1874
+2 1453
+1 1453
+2 1453
+1 1453
+5 1453
+1 1453
-1 421
+1 421
+2 450
+1 450
+2 450
+1 450
+5 450
+1 450
-1 1424
+1 1424
+2 455
+1 455
+2 455
+1 455
+5 455
+1 455
-1 1419
+1 1419
+2 461
+1 461
+2 461
+1 922
+5 461
+1 461
-1 1413
+1 1857
+5 444
+1 444
+1 444
+1 444
+2 444
+2 444
+1 444
+2 444
+6 1874
+4 1874
+12 849
+2 849
+1 849
+26 849
+1 849
+3 849
+1 849
+1 849
+5 1629
+2 1629
+1 1629
+1 1629
+1 1629
+2 1629
+1 1629
+1 1629
+1 1629
+2 1629
+1 1629
+2 1629
+2 1170
+2 1170
+1 1170
+1 1170
+1 1170
+2 1170
+1 1170
+1 1170
+1 1170
+2 1170
+1 1170
+2 1950
+5 390
+2 390
-2 459
+2 459
+2 28
+7 28

fl=(70)
fn=(458) _mcleanup
418 1
+1 2
cfn=(322) moncontrol
calls=1 80 
* 111
+2 2
+1 1
cfn=(460) write_gmon
calls=1 -87 
* 1207
+3 1
+1 1
-1 1
cob=(2)
cfi=(16)
cfn=(464)
calls=1 0 
* 133

fn=(460)
335 1
+8 1
-8 7
+8 1
cfi=(118) /build/glibc-Cl5G7W/glibc-2.23/stdlib/getenv.c
cfn=(462) getenv
calls=1 34 
* 494
+1 2
+10 7
+2 1
-2 1
+2 1
+23 2
+1 1
+1 2
+1 6
179 1
-2 1
+13 2
-11 2
+11 3
+22 1
+2 1
-24 5
+24 1
-2 1
+3 1
cfi=(83) /build/glibc-Cl5G7W/glibc-2.23/gmon/../sysdeps/unix/sysv/linux/prof-freq.c
cfn=(330) __profile_frequency
calls=1 27 
* 3
+1 1
+3 2
-4 1
+1 4
+3 1
-3 1
+3 1
-2 1
+2 4
+10 3
+14 1
-3 2
+1 1
+3 2
-6 2
+5 31
-3 62
+1 31
+3 62
-6 62
+10 1
+1 2
+27 1
-28 1
+1 1
-1 1
+1 2
+2 182
+8 1
-2 2
+13 1
-1 1
+1 4
+1 2
+1 3
+2 2
-2 6
+2 1
-25 132
+32 2
+1 6
+30 1
-17 1
+20 1
-24 1
+4 1
+25 1
-25 2
+17 1
-7 1
+1 1
-1 1
+1 1
-1 1
+1 1
-1 1
+1 1
+6 1
+81 3
+1 8

fn=(322)
80 4
-4 2
+7 4
+9 5
cfi=(80) /build/glibc-Cl5G7W/glibc-2.23/gmon/../sysdeps/posix/profil.c
cfn=(324) profil
calls=1 -28 
* 98
+1 1
+2 4
-9 5
cfi=(80)
cfn=(324)
calls=1 -22 
* 178
+1 2

fn=(284)
101 2
+9 1
-9 2
+10 1
+13 1
-14 1
+1 1
-10 1
+9 1
+2 1
-1 1
+3 1
-2 1
+9 1
+3 1
-11 1
-1 1
+1 1
+11 1
-11 1
+10 1
+1 2
-11 2
+11 1
+1 2
+1 2
+5 2
-2 1
+2 2
cob=(1)
cfi=(66)
cfn=(261)
calls=1 -67 
* 60104
* 5
+1 2
+15 1
-7 1
-1 1
+9 1
-7 1
+2 1
+5 1
-3 1
-2 1
+23 1
-18 1
+3 11
+18 1
-1 1
+1 4
-1 1
cfn=(322)
calls=1 -88 
* 192

fl=(79) /build/glibc-Cl5G7W/glibc-2.23/string/../sysdeps/x86_64/multiarch/../memset.S
fn=(320) __GI_memset
53 1080
+1 1080
+1 1080
+1 1080
+1 1080
+2 1080
+1 1080
+1 909
+1 909
+1 725
+1 725
+1 725
+1 725
+2 280
+4 540
+1 540
+1 540
+3 171
+1 171
+1 171
+1 171
+1 171
+1 171
+1 171
+1 171
+1 171
+1 171
+1 171
+1 171
+1 171
+1 247
+3 76
+1 76
+1 76
+1 76
+1 76
+1 76
+1 76
-6 28
+1 28
+1 28
+1 28
+1 28
+1 28
+1 28
+1 76
+3 184
+1 184
+1 184
+16 184
+1 184
+1 184

fl=(64)
fn=(248)
33 3
+1 1

fl=(87)
fn=(354)
28 1
+1 1
-1 2
+1 2
+5 3

fl=(121) /build/glibc-Cl5G7W/glibc-2.23/nptl/unregister-atfork.c
fn=(494) __unregister_atfork
28 4
+8 1
+3 2
+82 3

fl=(114) /build/glibc-Cl5G7W/glibc-2.23/stdlib/../sysdeps/x86_64/add_n.S
fn=(446) __mpn_sub_n
36 4398
+1 4398
+1 4398
+2 4398
+1 4398
+1 4398
+1 4398
+1 4398
+1 4398
+1 4398
+1 3060
+1 3060
+1 3060
+1 2358
+2 1415
+1 1415
+2 1338
+1 1338
+1 1338
+1 1338
+1 1338
+2 702
+1 702
+2 943
+1 943
+1 943
+1 943
+2 4398
+1 4398
+1 4398
+1 4398
+1 4398
+4 3412
+1 3412
+1 3412
+1 3412
+2 3412
+1 3412
+1 3412
+1 3412
+2 3412
+1 3412
+1 3412
+1 3412
+2 3412
+1 3412
+1 3412
+1 3412
+2 3412
-15 1338
+1 1338
+1 1338
+1 1338
+2 1338
+1 1338
+1 1338
+1 1338
+2 1338
+1 1338
+1 1338
+1 1338
+2 1338
+1 738
+1 738
-12 1415
+1 1415
+1 1415
+1 1415
+2 1415
+1 1415
+1 1415
+1 1415
+2 1415
+1 1029
+1 1029
-7 943
+1 943
+1 943
+1 943
+2 943
+1 943
+1 943
-2 702
+1 702
+1 702

fl=(98) /build/glibc-Cl5G7W/glibc-2.23/stdlib/../sysdeps/x86_64/lshift.S
fn=(390) __mpn_lshift
29 985
+1 985
+2 985
+1 985
+1 985
+12 985
+1 985
+1 985
+1 985
+1 985
+1 985
+1 985
+6 985
+1 985
+1 985

fl=(97) /build/glibc-Cl5G7W/glibc-2.23/stdlib/../sysdeps/x86_64/../i386/ldbl2mpn.c
fn=(388) __mpn_extract_long_double
36 2000
+2 4000
+1 3000
+15 1000
-15 2000
+9 2000
+6 1000
+61 1998
-55 1
+60 2000
-62 2

fl=(110) /build/glibc-Cl5G7W/glibc-2.23/stdlib/cmp.c
fn=(438) __mpn_cmp
35 9040
+2 4517
+1 4517
+1 9034
+8 22555

fl=(111) /build/glibc-Cl5G7W/glibc-2.23/stdlib/../sysdeps/x86_64/rshift.S
fn=(440) __mpn_rshift
29 1958
+1 1958
+1 1958
+2 506
+1 506
+1 506
+1 506
+1 506
+1 506
+1 506
+1 506
+1 506
+3 1452
+1 1452
+1 419
+1 419
+1 419
+1 419
+1 419
+1 419
+1 419
+1 419
+1 419
+1 419
+6 1033
+1 506
+1 506
+1 506
+1 506
+1 506
+1 506
+1 258
+1 258
+1 258
+1 258
+1 248
+1 248
+1 248
+1 248
+1 248
+4 527
+1 527
+1 527
+1 527
+1 527
+1 527
+1 527
+1 788
+3 261
+1 261
+1 261
+1 261
+1 261
+1 261
+1 261
+1 261
+1 261
+1 261
+1 261
+1 261
+1 261
+1 261
+1 261
+1 261
-15 408
+1 408
+1 408
+1 408
+1 408
+1 408
+1 408
+1 408
+1 408
+1 408
+1 408
+1 408
+1 408
+1 408
+1 408
+1 408
-12 258
+1 258
+1 258
+1 258
+1 258
+1 258
+1 258
+1 258
+1 258
+1 258
+1 258
+1 258
+1 258
-9 419
+1 419
+1 419
+1 419
+1 419
+1 419
+1 419
+1 419
+1 419
+1 419
-6 506
+1 506
+1 506
+1 506
+1 506
+1 506
+1 506
+2 1710
+1 1710
+1 1710
+1 1710
+1 1710
+1 1710
+1 1710

fl=(60) /build/glibc-Cl5G7W/glibc-2.23/string/../sysdeps/x86_64/strrchr.S
fn=(236) rindex
24 1
+1 1
+1 1
+1 1
+1 1
+1 1
+1 1
+1 1
+1 1
+1 1
+1 1
+1 1
+1 1
+1 1
+1 1
+1 1
+1 1
+1 1
+1 1
+1 1
+1 1
+1 1
+1 1
+1 1

fl=(77) /build/glibc-Cl5G7W/glibc-2.23/misc/sbrk.c
fn=(316) sbrk
34 2
+8 2
-8 6
+8 9
+4 4
+4 6
+12 5
-19 2
cfi=(78) /build/glibc-Cl5G7W/glibc-2.23/misc/../sysdeps/unix/sysv/linux/x86_64/brk.c
cfn=(318) brk
calls=1 -12 
* 12
* 4
+15 2
cfi=(78)
cfn=(318)
calls=1 -27 
* 12
* 2
+4 5

fl=(109) /build/glibc-Cl5G7W/glibc-2.23/string/../sysdeps/x86_64/multiarch/../memcpy.S
fn=(436) __GI_memcpy
61 4677
+2 4677
+2 4677
+3 3287
+1 3287
+11 3287
+1 3287
+11 3287
+1 3287
+11 3287
+1 3287
+2 2155
+1 2155
+2 2155
+1 2155
+5 2155
+1 2155
-1 1132
+1 3328
+5 2196
+1 2196
+1 2196
+1 2196
+2 2196
+2 2196
+1 2196
+2 2196
+8 3287
+8 3788
+6 3788
+2 3788
+1 3788
+26 3788
+1 3788
+3 3788
+1 3788
+1 3788
+5 3941
+2 3941
+1 3941
+1 3941
+1 3941
+2 3941
+1 3941
+1 3941
+1 3941
+2 3941
+1 3941
+2 3941
+2 2056
+2 2056
+1 2056
+1 2056
+1 2056
+2 2056
+1 2056
+1 2056
+1 2056
+2 2056
+1 2056
+2 5862
+5 1903
+6 1903
+1 1903
-7 1885
+6 1885
+1 1885
+2 1390

fl=(78)
fn=(318)
31 16
+8 2
-6 4
+7 2

fl=(81) /build/glibc-Cl5G7W/glibc-2.23/signal/../nptl/sigaction.c
fn=(326) sigaction
34 6
+6 2
cfi=(82) /build/glibc-Cl5G7W/glibc-2.23/signal/../sysdeps/unix/sysv/linux/x86_64/sigaction.c
cfn=(328) __libc_sigaction
calls=2 +7 
* 163

fl=(95) /build/glibc-Cl5G7W/glibc-2.23/stdio-common/printf_fp.c
fn=(392) hack_digit
169 316626
+3 316626
+2 422168
+8 318724
+21 3210
cfi=(99) /build/glibc-Cl5G7W/glibc-2.23/stdlib/../sysdeps/x86_64/mul_1.S
cfn=(394) __mpn_mul_1
calls=1070 32 
* 21400
* 309954
cfi=(99)
cfn=(394)
calls=103318 32 
* 5636972
+1 208776
+1 441095
+4 521940
-23 626748
cfi=(112) /build/glibc-Cl5G7W/glibc-2.23/stdlib/divrem.c
cfn=(442) __mpn_divrem
calls=104458 46 
* 16300491
+2 417832
+3 104458
-2 104458
+3 104458
-1 104458
+1 639860
+1 8836
-1 4418
+6 1140
+1 1140
+10 5700
-33 28
+1 14
-1 14
+1 28
-1 14
+1 14
cfi=(99)
cfn=(394)
calls=14 32 
* 280
* 14
+32 206720

fn=(384) __printf_fp_l
215 10000
+39 1000
-39 1000
+30 1000
+16 1000
-7 3000
+10 1000
-10 2000
+10 1000
fi=(96) /build/glibc-Cl5G7W/glibc-2.23/stdio-common/../include/../locale/localeinfo.h
+42 3000
fe=(95)
-39 2000
+18 3000
+33 1000
-2 2000
+16 1000
+2 1000
-2 1000
+2 1000
+5 2000
-2 2000
+14 5000
+16 10000
cfi=(97)
cfn=(388)
calls=1000 36 
* 19001
+5 2000
-5 1000
+5 4000
+79 1000
+12 1000
-9 9000
+1 5000
+1 2000
+1 2000
-2 1000
+1 1000
-1 1000
+2 1000
+7 1000
-8 1000
+1 1000
+7 1000
638 12
806 24
cfi=(98)
cfn=(390)
calls=6 29 
* 90
+1 30
+1 6
+14 12
-10 6
+10 6
-10 6
+10 12
+2 6
-2 6
+2 6
-2 1988
-10 994
+10 994
-10 994
+10 1988
+2 994
-2 994
+2 994
+10 2000
+48 1000
-61 1000
+61 2000
+14 7000
+7 1000
fi=(124) /build/glibc-Cl5G7W/glibc-2.23/stdio-common/../sysdeps/pthread/allocalim.h
29 2000
fe=(95)
913 7000
+4 1000
-3 2000
+3 2000
+3 4000
-6 8000
+9 3000
cfn=(392)
calls=1000 169 
* 227519
* 310626
cfn=(392)
calls=103542 169 
* 26872354
-3 104542
+3 104542
-3 109542
+7 5000
+2 1000
+12 3000
+1 7000
+1 4000
+1 2000
1250 9000
473 2982
+2 45
+2 45
+12 6523
cfi=(79)
cfn=(320)
calls=907 53 
* 15578
* 907
248 8946
524 996
-1 996
+1 2988
-1 996
+1 1992
cfi=(109)
cfn=(436)
calls=996 61 
* 36687
* 996
+16 20438
+11 2693
-2 2693
+2 15615
-2 10229
+2 32386
-57 11928
+4 59640
-4 994
+4 4970
+2 12748
+30 43024
cfi=(113) /build/glibc-Cl5G7W/glibc-2.23/stdlib/mul.c
cfn=(444) __mpn_mul
calls=5378 48 
* 628327
+4 10756
+2 10756
-1 1947
-1 3894
944 3000
+15 5000
+1 3000
cfn=(392)
calls=1000 169 
* 48741
+2 3000
fi=(100) /build/glibc-Cl5G7W/glibc-2.23/stdio-common/../sysdeps/generic/get-rounding-mode.h
94 1000
+1 5000
fe=(95)
1078 4000
+7 4000
+1 4000
+2 2000
+13 3000
+46 6000
+2 6000
+2 1000
-2 1000
+2 4000
540 13533
cfi=(110)
cfn=(438)
calls=4511 35 
* 49663
* 15837
+3 11520
cfi=(109)
cfn=(436)
calls=2304 61 
* 104631
* 6885
cfi=(109)
cfn=(436)
calls=1377 61 
* 59870
+1 11043
+1 11043
+1 3681
-2 3681
+1 3681
+1 7362
-1 3681
+1 7362
-9 10293
+15 994
+6 994
-6 994
+6 994
+4 28604
+4 1986
+2 993
-2 993
+2 993
+17 979
-1 1958
+1 1958
+3 616
+9 3916
+16 448
+2 448
-2 896
+2 448
-2 896
cfi=(111)
cfn=(440)
calls=448 29 
* 14023
+16 2937
-1 979
+1 3916
cfi=(111)
cfn=(440)
calls=979 29 
* 31082
+4 6853
-1 1958
964 3000
+3 7
-4 7
+4 7
+5 7
-1 7
+1 84
248 1000
1154 2000
+7 4000
+9 3000
+7 1000
+3 1000
-3 3000
+5 2000
cfi=(102) /build/glibc-Cl5G7W/glibc-2.23/string/../sysdeps/x86_64/strlen.S
cfn=(400) strlen
calls=1000 66 
* 16000
* 1000
+2 3000
+5 3000
+2 1000
-2 1000
+2 1000
-2 1000
+2 1000
+18 13000
+3 209084
+3 209084
-6 313626
+1 313626
475 135
fi=(100)
95 2000
fi=(101) /build/glibc-Cl5G7W/glibc-2.23/stdio-common/../include/rounding-mode.h
-43 4000
fe=(95)
1156 3000
837 1000
-1 1000
+1 4000
+3 3000
+2 1000
-3 1000
-1 1000
+4 1000
+2 2000
-7 1000
+5 1000
-5 2000
574 399
+1 14
+1 511
+1 28
-96 14685
cfi=(98)
cfn=(390)
calls=979 29 
* 14685
+4 8811
+1 979
-1 979
+1 979
+1 4895
1236 3608
cfi=(93) /build/glibc-Cl5G7W/glibc-2.23/libio/fileops.c
cfn=(378) _IO_file_xsputn@@GLIBC_2.2.5
calls=902 +51 
* 628802
* 3608
+3 3000
+7 2000
964 1986
+3 8986
1219 2000
+17 8608
-78 2000
928 4000
-3 2000
607 1958
+18 4248
cfi=(111)
cfn=(440)
calls=531 29 
* 16995
* 531
1236 11785
cfi=(103) /build/glibc-Cl5G7W/glibc-2.23/libio/genops.c
cfn=(402) __overflow
calls=1009 230 
* 39662
* 2018
-34 6000
-43 392
568 1000
1185 2000

fn=(382) __printf_fp
1257 1000
-1 1000
+1 4000
cfn=(384)
calls=1000 215 
* 31354192

fl=(118)
fn=(462)
34 8
+1 1
cfi=(102)
cfn=(400)
calls=1 +31 
* 16
* 1
+4 7
+3 2
+49 9
-24 1
+6 1
+2 1
-3 1
+3 298
+9 148

fl=(46)
fn=(188)
129 1
+1 1
+1 1
+1 1
+10 1

fn=(178)
109 1
+1 1
+1 1
+1 1
+10 1

fl=(83)
fn=(330)
27 4
+1 2

fl=(113)
fn=(444)
48 53780
+6 5378
-6 16134
+6 5378
+13 5378
-1 10756
+5 5378
+1 10756
+9 5206
cfi=(99)
cfn=(394)
calls=5206 -49 
* 329608
+2 5378
+5 5378
-5 10756
+1 5378
+4 8118
+10 4116
cfi=(115) /build/glibc-Cl5G7W/glibc-2.23/stdlib/../sysdeps/x86_64/addmul_1.S
cfn=(450) __mpn_addmul_1
calls=1029 -63 
* 86067
+2 1029
+1 2058
-13 2058
+2 1029
+1 2058
+51 43024
-68 172
+3 860
cfi=(79)
cfn=(320)
calls=172 -24 
* 2752
+1 344

fl=(73) /build/glibc-Cl5G7W/glibc-2.23/malloc/arena.c
fn=(298) ptmalloc_init.part.5
258 6
+13 1
-8 1
+8 1
+6 3
+2 5
+16 2
-56 74
-18 225
+2 148
+1 2
+1 2
340 2
+6 2
+1 2
+2 1
+1 7
-78 5
cfi=(74) /build/glibc-Cl5G7W/glibc-2.23/elf/dl-addr.c
cfn=(300) _dl_addr
calls=1 126 
* 57669
* 2
+1 4

fl=(50)
fn=(190)
45 1
+1 1
+1 1
+1 1
+1 1
+1 1

fn=(186)
45 1
+1 1
+1 1
+1 1
+1 1
+1 1

fl=(122) /build/glibc-Cl5G7W/glibc-2.23/posix/../sysdeps/unix/sysv/linux/_exit.c
fn=(516) _Exit
27 2
+4 1
+2 2

fl=(69)
fn=(270) __new_exitfn
73 4
+6 2
-6 2
+6 2
-6 2
+6 8
+2 12
+2 6
+1 5
-3 1
+10 2
-10 2
+2 2
+11 2
+25 1
+1 1
-1 1
+1 1
-1 1
+7 1
+1 1
+3 2
-4 1
+1 1
+3 6
+3 10
-21 1
+1 2

fn=(268)
57 10
-22 2
+22 2
-22 2
cfn=(270)
calls=2 +38 
* 82
+2 4
+4 2
+3 2
+1 2
-4 4
+2 2
+4 2
+1 2
+11 8

fl=(103)
fn=(402)
230 3027
+2 3027
cfi=(93)
cfn=(404) _IO_file_overflow@@GLIBC_2.2.5
calls=1009 808 
* 33608

fn=(418) _IO_setb
380 3
+1 4
+3 1
+2 4
-3 1
+3 2
+3 3

fn=(506) _IO_cleanup
948 2
+3 1
-3 2
-50 1
+50 1
+3 1
cfn=(508) _IO_flush_all_lockp
calls=1 760 
* 90
-63 1
+63 1
-63 2
+10 3
+8 5
+2 2
+2 1
+1 1
-1 1
+2 2
+3 5
cfi=(93)
cfn=(510) _IO_file_setbuf@@GLIBC_2.2.5
calls=1 450 
* 66
+2 3
+4 2
+7 3
-40 9
+2 6
+2 7
+6 12
+65 7
-42 3
+1 8

fn=(512) _IO_default_setbuf
522 4
+1 1
-1 2
+1 1
cfi=(93)
cfn=(514) _IO_file_sync@@GLIBC_2.2.5
calls=1 868 
* 13
* 2
+9 1
-7 1
+7 1
-7 1
388 1
-5 1
+1 1
+4 1
535 1
+2 1
-2 2
+1 3
+2 4
381 1
527 1
+1 1
-1 1
+1 1
381 4

fn=(406) _IO_doallocbuf
395 2
-1 3
+3 4
+1 3
cfi=(104) /build/glibc-Cl5G7W/glibc-2.23/libio/filedoalloc.c
cfn=(408) _IO_file_doallocate
calls=1 95 
* 265
* 2
+3 4

fn=(508)
760 8
+6 3
+11 2
+16 2
-17 2
-1 2
+1 3
-1 1
+1 1
+3 9
+10 6
+4 3
-2 3
+2 6
+7 3
-27 6
+31 2
+2 2
+4 9
-38 1
-6 1
+5 1
+2 2
+6 12

fl=(62)
fn=(240)
482 2
+12 1
-12 3
+12 3
+2 4
cfn=(242) handle_intel
calls=1 262 
* 455
+4 2
-4 1
+4 1
cfn=(242)
calls=1 262 
* 547
+2 1
-2 1
-1 1
+3 1
+9 2
+2 1
+1 1
+2 1
+5 2
+9 4
-9 4
+9 16
-9 12
+6 8
+69 4
+1 5
+55 2
+2 1
+1 1
+2 1
-3 1
+5 1
-5 1
+4 3
+4 2
+2 1
+1 1
+2 1
-3 1
+5 1
-5 1
+4 2
+3 1
-3 1
+3 5
532 1
+32 1
-26 6
+7 5
+2 1
+1 1
+1 2
-4 4
+2 1
+1 1
+1 6
+2 2
-6 2
+6 2
+5 1
+2 2
+1 1
-1 1
+1 3
+6 1
-1 1
+1 5

fn=(244) intel_check_word
133 8
+6 4
-7 20
+7 16
-7 4
+7 4
+2 4
-2 4
+2 4
+68 8
+3 24
-69 4
+2 8
-2 6
+2 12
+8 20
+51 16
+22 8
fi=(63) /build/glibc-Cl5G7W/glibc-2.23/string/../bits/stdlib-bsearch.h
27 8
+1 16
+3 16
+1 8
fe=(62)
+89 16
fi=(63)
-90 12
+1 6
fe=(62)
+89 12
+3 54
fi=(63)
-95 44
+2 44
-2 44
+2 80
+1 40
fe=(62)
+89 80
251 8
141 16
-6 2
256 24
fi=(63)
37 10
-8 24
fe=(62)
165 6
+3 6
+4 4
+2 4
+1 14
+2 7
-12 2
+12 2
+1 10
+1 10
+1 6
+17 3
-32 9
+3 9
+4 6
+2 6
+1 12
+2 12
+5 2
+2 4
+2 32

fn=(242)
262 4
-1 4
+17 2
-17 12
+14 2
+1 4
-3 6
+23 8
cfn=(244)
calls=2 133 
* 666
+1 4
+3 10
cfn=(244)
calls=2 133 
* 238
+1 4
-17 4
+5 2
-5 6
+5 2
+2 2
+1 2
-1 4
+27 16

fl=(93)
fn=(424) _IO_file_write@@GLIBC_2.2.5
1258 1000
-2 6000
+2 4000
+4 2000
+1 2000
+10 3000
+3 6000
-13 4000
cfi=(107) /build/glibc-Cl5G7W/glibc-2.23/io/../sysdeps/unix/syscall-template.S
cfn=(426) write
calls=1000 84 
* 7026
+1 2000
+5 1000
+1 1000
-12 5000

fn=(410) _IO_file_stat
1229 1
+1 3
cfi=(105) /build/glibc-Cl5G7W/glibc-2.23/io/../sysdeps/unix/sysv/linux/wordsize-64/fxstat.c
cfn=(412) _fxstat
calls=1 34 
* 10

fn=(514)
868 1
+5 1
-5 1
+5 3
+2 1
+1 2
+17 2
+4 2

fn=(378)
1287 2902
-1 5804
-6 19020
+13 7608
+21 1902
+5 7608
cfi=(106)
cfn=(420)
calls=1902 61 
* 84939
* 1902
+6 1902
-1 1902
+1 3804
+2 3804
+27 3804
+1 16216
-18 2000
+1 3000
+2 3000
+11 2000
-56 5706
+1 3804
+3 5706
+2 314599
-2 208870
+39 4000
-35 1000
+11 5000
+17 4000
cfn=(404)
calls=1000 808 
* 116026
* 2000

fn=(422) _IO_do_write@@GLIBC_2.2.5
494 3000
-2 8000
+11 2000
+7 4000
+8 5000
cfn=(424)
calls=1000 1258 
* 44026
* 1000
+1 5000
+6 1000
-4 1000
+4 1000
-4 3000
+1 2000
+3 1000
-2 1000
-29 4000
+1 6000
+29 2000

fn=(404)
808 6027
+7 2009
-8 10045
+8 10041
+35 4018
+3 2018
+3 3027
+1 3027
+1 4036
+4 1009
+1 4036
-45 2
+12 2
+9 4
+8 1
-4 1
+3 2
-2 2
-3 1
+1 2
+5 1
-1 1
+1 3
+1 2
+3 2000
+12 3000
-12 1000
cfn=(422)
calls=1000 494 
* 94026
-31 2
cfi=(103)
cfn=(406)
calls=1 395 
* 283
+1 6

fn=(510)
450 2
+1 1
cfi=(103)
cfn=(512)
calls=1 +71 
* 51
* 2
+4 2
-1 2
+2 3
+2 1
+1 2

fl=(90)
fn=(372)
28 8000
+4 1000
+1 2000
-1 5000
+1 3000
cfi=(91) /build/glibc-Cl5G7W/glibc-2.23/stdio-common/vfprintf.c
cfn=(374) vfprintf
calls=1000 1236 
* 31952217
+4 2000

fl=(47)
fn=(180)
38 1
-1 1
+1 6
fi=(48) /build/glibc-Cl5G7W/glibc-2.23/time/../sysdeps/generic/dl-hash.h
+10 3
+14 4
-17 3
+3 9
+14 12
-17 9
fe=(47)
-7 3
+3 2
-3 1
+3 1
cfi=(49) /build/glibc-Cl5G7W/glibc-2.23/elf/../sysdeps/unix/sysv/linux/dl-vdso.c
cfn=(184) _dl_vdso_vsym
calls=1 -14 
* 6
+1 3
+1 2

fl=(76) /build/glibc-Cl5G7W/glibc-2.23/malloc/morecore.c
fn=(314) __default_morecore
46 2
+1 2
cfi=(77)
cfn=(316)
calls=2 -13 
* 73
+1 6
+4 4

fl=(99)
fn=(394)
32 109608
+3 109608
+1 109608
+1 109608
+1 109608
+1 109608
+2 109608
+1 109608
+2 109608
+1 109608
+1 80625
+1 80625
+1 53432
+2 19952
+1 19952
+1 2870
+1 2870
+1 17082
+1 17082
+1 17082
+1 17082
+1 17082
+1 17082
+1 17082
+1 17082
+1 17082
+2 28983
+1 28983
+1 28983
+1 28983
+1 28983
+1 28983
+1 28983
+2 33480
+1 33480
+1 33480
+1 33480
+1 33480
+1 33480
+2 27193
+1 27193
+1 27193
+1 27193
+1 27193
+1 27193
+1 27193
+1 27193
+1 27193
+3 62782
+1 62782
+1 62782
+1 62782
+1 62782
+1 62782
+1 62782
+1 62782
+1 62782
+1 62782
+1 62782
+1 62782
+1 62782
+1 62782
+1 62782
+1 62782
+1 62782
+1 62782
+1 62782
+1 62782
+1 62782
+1 62782
+1 62782
+1 62782
+1 62782
+1 62782
-20 17082
+1 17082
+1 17082
+1 17082
+1 17082
+1 17082
+1 17082
+1 17082
+1 17082
+1 17082
+1 17082
+1 17082
+1 17082
+1 17082
+1 17082
+1 17082
+1 17082
+1 17082
+1 17082
+1 17082
+1 17082
-16 28983
+1 28983
+1 28983
+1 28983
+1 28983
+1 28983
+1 28983
+1 28983
+1 28983
+1 28983
+1 28983
+1 28983
+1 28983
+1 28983
+1 28983
+1 28983
+1 28983
-11 33480
+1 33480
+1 33480
+1 33480
+1 33480
+1 33480
+1 33480
+1 33480
+1 33480
+1 33480
+1 33480
+1 33480
-2 27193
+1 27193
+1 27193
+2 106738
+1 106738
+1 106738
+1 106738
+1 106738
+1 106738
+2 106738
+3 106738
-5 2870
+2 2870
+3 2870

fl=(52)
fn=(194)
37 1
-1 1
+1 6
fi=(48)
+11 3
+14 4
-17 3
+3 9
+14 12
-17 9
fe=(52)
-8 3
+3 2
-3 1
+3 1
cfi=(49)
cfn=(184)
calls=1 -13 
* 6
+1 3
+1 2

fl=(102)
fn=(400)
66 1001
+1 1001
+1 1001
+1 1001
+1 1001
+1 1001
+1 1001
+2 1001
+2 1001
+30 1001
+1 1001
+1 1001
+1 1001
+1 1001
+1 1001
+1 1001

fl=(88)
fn=(362)
32 1001
+1 1001
+1 1001
+1 1001
+1 1001
+1 1001
+1 1001
+1 1001
+4 1001
+2 1001
+2 1001
cfi=(89) /build/glibc-Cl5G7W/glibc-2.23/gmon/mcount.c
cfn=(364) __mcount_internal
calls=1001 +13 
* 28016
+6 1001
+1 1001
+1 1001
+1 1001
+1 1001
+1 1001
+1 1001
+1 1001
+1 1001

fl=(115)
fn=(450)
35 1029
+1 1029
+1 1029
+1 1029
+2 1029
+1 1029
+2 1029
+1 1029
+1 1029
+2 1029
+1 1029
+2 762
+1 762
+1 762
+1 762
+1 762
+1 762
+2 762
+1 762
+1 762
+1 762
+2 267
+1 267
+2 267
+1 267
+1 267
+1 267
+1 267
+1 267
+1 267
+1 267
+3 1851
+1 1851
+1 1851
+1 1851
+1 1851
+1 1851
+1 1851
+1 1851
+1 1851
+1 1851
+1 1851
+1 1851
+1 1851
+1 1851
+1 1851
+1 1851
+1 1851
+1 1851
+1 1851
+1 1851
-10 762
+1 762
+1 762
+1 762
+1 762
+1 762
+1 762
+1 762
+1 762
+1 762
+1 762
-1 267
+1 267
+2 1029
+1 1029
+1 1029
+1 1029
+1 1029
+1 1029
+1 1029
+1 1029
+1 1029
+1 1029
+1 1029
+1 1029
+1 1029
+1 1029
+1 1029
+1 1029
+1 1029
+1 1029

fn=(448) __mpn_submul_1
35 82651
+1 82651
+1 82651
+1 82651
+2 82651
+1 82651
+2 82651
+1 82651
+1 82651
+2 82651
+1 82651
+2 41108
+1 41108
+1 41108
+1 41108
+1 41108
+1 41108
+2 41108
+1 41108
+1 41108
+1 41108
+2 41543
+1 41543
+2 41543
+1 41543
+1 41543
+1 41543
+1 41543
+1 41543
+1 41543
+1 41543
+3 96527
+1 96527
+1 96527
+1 96527
+1 96527
+1 96527
+1 96527
+1 96527
+1 96527
+1 96527
+1 96527
+1 96527
+1 96527
+1 96527
+1 96527
+1 96527
+1 96527
+1 96527
+1 96527
+1 96527
-10 41108
+1 41108
+1 41108
+1 41108
+1 41108
+1 41108
+1 41108
+1 41108
+1 41108
+1 41108
+1 41108
-1 41543
+1 41543
+2 82651
+1 82651
+1 82651
+1 82651
+1 82651
+1 82651
+1 82651
+1 82651
+1 82651
+1 82651
+1 82651
+1 82651
+1 82651
+1 82651
+1 82651
+1 82651
+1 82651
+1 82651

fl=(84) /build/glibc-Cl5G7W/glibc-2.23/time/../sysdeps/unix/syscall-template.S
fn=(332) setitimer
84 8
+1 2

fl=(61) /build/glibc-Cl5G7W/glibc-2.23/ctype/ctype-info.c
fn=(238) __ctype_init
31 5
+2 1
+2 1
-4 1
+4 1
-4 1
+2 3
+2 3

fl=(91)
fn=(374)
1236 8000
+31 3000
+8 3001
+4 5000
+11 5000
+11 1000
fi=(94) /build/glibc-Cl5G7W/glibc-2.23/stdio-common/printf-parse.h
108 3000
fe=(91)
1316 1000
-15 5000
fi=(94)
108 1000
cfi=(92) /build/glibc-Cl5G7W/glibc-2.23/string/../sysdeps/x86_64/strchr.S
cfn=(376) strchrnul
calls=1000 -84 
* 20000
fe=(91)
1316 1000
fi=(94)
108 1000
fe=(91)
1312 1000
+4 2000
+4 8000
cfi=(93)
cfn=(378)
calls=1000 -33 
* 4000
* 4000
1685 5000
+3 1000
+1 8000
1275 1998
+41 6000
+1 14000
1685 5000
+1 2000
1320 2000
+4 1000
-4 1000
+4 2000
+4 12000
1552 2000
-21 2000
1632 2000
-1 2000
1370 15000
-7 1000
-1 1000
-3 1000
-1 1000
+8 1000
+4 1000
-3 1000
-10 1000
-1 1000
-1 1000
-1 1000
-1 1000
+14 1000
-15 1000
-1 1000
-1 1000
-1 1000
+18 2000
1649 1000
+2 2000
+8 1000
fi=(94)
108 2000
fe=(91)
1659 1000
fi=(94)
108 1000
fe=(91)
1659 1000
fi=(94)
108 2000
cfi=(92)
cfn=(376)
calls=1000 -84 
* 20000
fe=(91)
1663 1000
-4 1000
+4 11000
cfi=(93)
cfn=(378)
calls=1000 1287 
* 211026
* 13000
+2 3000
-54 16000
-1 1000
-1 1000
+2 2000
-23 3000
+43 59000
cfi=(95)
cfn=(382)
calls=1000 1257 
* 31360192
* 12000
1523 3000
+1 3000
+26 1000
+14 1000
-14 2000
+38 14000
-36 4000
cfi=(94)
cfn=(380) read_int
calls=1000 73 
* 12000
* 1000
+4 4000
+9 3000

fl=(51)
fn=(192)
30 1
+1 1
+1 1
+1 1
+1 1
+1 1

fl=(89)
fn=(364)
60 1001
+12 2002
-12 1001
+12 2002
+9 1001
+1 2002
+15 5000
+1 1000
+1 2000
+4 3
+1 1
-1 1
+1 1
+4 1
+1 2
+1 1
+1 1
+1 1
+57 1
+5 2
-5 1000
+5 2000
-59 2997
+1 2997
+4 999
+1 999

fl=(105)
fn=(412)
34 1
-1 1
+1 1
+1 6
+4 1

fl=(68)
fn=(266)
134 7
+4 1
-4 3
+4 3
+82 1
-82 1
+82 1
+1 4
cfi=(69)
cfn=(268)
calls=1 57 
* 60
+22 4
+3 2
+1 5
cob=(5)
cfi=(65)
cfn=(272)
calls=1 0 
* 62275
+4 4
+15 2
+12 2
cfi=(85) /build/glibc-Cl5G7W/glibc-2.23/setjmp/../sysdeps/x86_64/bsd-_setjmp.S
cfn=(350) _setjmp
calls=1 30 
* 30
+1 2
+5 2
+1 2
+3 2
+3 6
cob=(5)
cfi=(65)
cfn=(356)
calls=1 0 
* 38042962
+34 2
cfi=(116) /build/glibc-Cl5G7W/glibc-2.23/stdlib/exit.c
cfn=(452) exit
calls=1 104 
* 2379
138 2

fl=(92)
fn=(376)
24 2000
+1 2000
+1 2000
+1 2000
+1 2000
+1 2000
+1 2000
+1 2000
+1 2000
+1 2000
+1 2000
+1 2000
+1 2000
+1 2000
+1 2000
+1 2000
+1 2000
+1 2000
+2 2000
+7 2000

fl=(56)
fn=(228)
52 8
+6 3
+14 1
fi=(58) /build/glibc-Cl5G7W/glibc-2.23/csu/../sysdeps/unix/sysv/linux/x86_64/init-first.c
-36 1
fe=(56)
+34 1
+1 1
fi=(58)
-35 3
fe=(56)
+36 1
fi=(58)
-36 3
fi=(57) /build/glibc-Cl5G7W/glibc-2.23/csu/../sysdeps/generic/dl-hash.h
+12 3
+14 4
-17 3
+3 9
+14 12
-17 9
fi=(58)
-9 3
+2 2
-2 1
+2 2
cfi=(49)
cfn=(184)
calls=1 -11 
* 6
+1 2
+5 2
-3 2
+1 1
+2 1
cfi=(49)
cfn=(184)
calls=1 -17 
* 6
fe=(56)
+42 3
fi=(58)
-41 2
+1 1
fe=(56)
+40 1
cfi=(59) /build/glibc-Cl5G7W/glibc-2.23/misc/init-misc.c
cfn=(234) __init_misc
calls=1 -55 
* 48
+8 1
cfi=(61)
cfn=(238)
calls=1 -63 
* 16
+5 6
-34 1
-7 1
+7 4
fi=(58)
-25 2
fe=(56)

fl=(53)
fn=(198)
0 11

fl=(112)
fn=(442)
46 835664
+3 607170
160 677117
+1 193462
47 96731
161 290193
+1 193462
-1 193462
+2 290193
+2 193462
+10 580386
+14 1818322
-8 165302
+3 82651
-1 82651
+1 413255
+9 82651
+3 82651
-3 82651
+8 578557
+1 165302
+2 332064
+15 413255
cfi=(115)
cfn=(448)
calls=82651 35 
* 5689203
+2 165302
+6 165302
+1 82651
-53 165302
+53 82651
-53 179382
+59 773848
89 5665
+1 5665
+1 5665
-44 5665
+45 5665
+1 5665
+2 11330
+6 16995
+25 14379
-20 14379
+1 4793
+4 9586
+19 19172
+1 14379
+5 14647
+12 9586
-1 4793
+1 4793
-47 14379
+50 5665
-1 5665
+84 11330
-81 5665
+81 33990
62 2062
+1 2062
-16 2062
+18 4124
+6 4124
+1 7362
+1 1619
-1 3238
+1 3238
-1 3238
+4 4124
+3 2062
234 2062
81 2062
234 14434
67 105
+1 210
+27 282
+2 282
+1 282
-1 1128
+70 4398
+2 21990
cfi=(114)
cfn=(446)
calls=4398 36 
* 192578
+1 4398
+1 4398
-1 8796

fl=(116)
fn=(452)
104 1
-1 1
+1 2
cfn=(454) __run_exit_handlers
calls=1 -69 
* 2375

fn=(454)
35 8
+5 1
cfi=(117) /build/glibc-Cl5G7W/glibc-2.23/stdlib/cxa_thread_atexit_impl.c
cfn=(456) __call_tls_dtors
calls=1 145 
* 11
* 1
+6 11
+4 9
+3 2
-1 2
+2 10
+33 1
+1 1
-1 1
+1 1
+6 2
+1 5
cfi=(103)
cfn=(506)
calls=1 948 
* 248
* 3
+2 2
cfi=(122)
cfn=(516)
calls=1 -70 
* 5
-19 2
+4 2
-4 2
+2 2
+2 2
-2 4
+2 2
cob=(1)
cfi=(119)
cfn=(470)
calls=1 +48 
* 573
cfi=(70)
cfn=(458)
calls=1 418 
* 1460
+1 2

fl=(71)
fn=(292)
3172 1
+15 1
-15 3
+10 1
+5 2
-15 1
+10 1
+5 2
+8 2
+1 2
3311 5
-25 1
cfi=(79)
cfn=(320)
calls=1 53 
* 226
-87 3
cfi=(72) /build/glibc-Cl5G7W/glibc-2.23/malloc/hooks.c
cfn=(294) malloc_hook_ini
calls=1 29 
* 59249
+4 1
-3 1
+3 2
-3 1

fn=(468) _int_free
3841 9
+13 1
-13 1
+13 2
+6 4
+1 2
+11 4
+13 2
4105 8
3960 2
+1 3
+15 2
+8 3
+6 2
+1 2
+1 2
1886 3
4001 2
+7 2
+5 2
+13 1
-1 1
+2 2
+7 1
-2 1
+1 1
+1 1
+2 1
+1 1
+2 1
+1 1
+2 3
+1 1
+30 2
3962 5
+8 1
-4 1
+4 3
-7 2
4093 3
+1 3
+1 5
-78 2
-41 5

fn=(310) malloc_consolidate
4144 2
4996 4
1808 3
-3 2
+3 378
-3 252
+7 3
+5 1
+2 1
-2 2
-1 3

fn=(308) _int_malloc
3349 6
-30 4
+30 2
-30 8
+30 6
-30 2
+30 6
+4 6
+14 4
+37 4
+44 8
+1 4
+1 2
cfn=(310)
calls=1 4144 
* 651
3819 28
-2 2
+2 2
-2 2
+2 4
5002 2
3817 2
+2 2
5004 2
3819 2
5004 2
3819 6
5004 4
3819 8
5002 4
3469 10
3833 18
3603 4
+73 4
+1 4
+1 4
+1 4
+1 4
+5 4
+4 6
+3 8
-3 6
3792 2
+3 2
-2 4
+2 4
+17 2
3605 6
+3 2
-3 2
+3 6
3448 6
1879 4
3827 3
cfn=(312) sysmalloc
calls=1 2268 
* 249
+1 2
-28 1
-3 1
+1 1
+2 1
-1 1
+1 2
+2 1
-2 4
+2 1
+3 1
1879 3

fn=(466)
2934 5
+5 2
+1 2
+6 2
+5 1
-2 1
+2 2
+16 3
+1 2
cfn=(468)
calls=1 3841 
* 106
+1 6

fn=(312)
2268 8
+20 1
+11 1
-11 1
+11 1
+1 5
fi=(73)
488 3
fe=(71)
2315 5
+65 1
+1 3
+10 1
-9 1
+9 5
+6 4
+3 3
2723 2
+1 1
+8 4
+5 1
-3 1
+3 1
-2 1
+2 3
+1 1
-1 1
-1 1
+4 1
-3 2
+1 1
+8 9
2463 1
-8 4
+8 1
+21 5
cfi=(76)
cfn=(314)
calls=1 46 
* 62
* 1
+1 1
+3 4
+3 2
+1 2
+20 2
+26 2
+2 2
+6 1
-6 1
+6 1
2321 1
2464 1
+10 5
+8 1
-8 1
+8 1
+67 7
+37 2
+6 3
+19 1
+3 2
+1 5
+2 1
-2 1
+2 1
+1 3
cfi=(76)
cfn=(314)
calls=1 46 
* 25
+12 2
+8 1
+1 1
-1 2
+1 2
+39 1
+1 1
-2 1
+1 3
+12 1
-12 1
+1 1
+11 1
2539 5

fn=(416)
2902 3
+5 2
+1 2
+3 8
+2 3
cfn=(308)
calls=1 3349 
* 138
+3 1
-3 1
+3 1
+8 4
+2 11
+3 4
-18 6

fl=(49)
fn=(184)
27 8
+4 8
-3 8

fl=(107)
fn=(426)
84 2000
cfn=(428) __write_nocancel
calls=1000 * 
* 5026

fn=(428)
84 5026

fl=(80)
fn=(430) __profil_counter
40 145
+5 29
-5 29
+5 203
+2 58
fi=(108) /build/glibc-Cl5G7W/glibc-2.23/gmon/../sysdeps/unix/sysv/linux/x86_64/profil-counter.h
-17 29
fe=(80)

fn=(324)
64 10
+9 4
+13 6
+5 1
+15 1
+3 1
-2 2
-5 3
+7 14
-8 1
+1 1
+1 1
+1 1
+2 1
+3 1
cfi=(81)
cfn=(326)
calls=1 -75 
* 105
* 2
+3 1
+1 1
cfi=(83)
cfn=(330)
calls=1 -86 
* 3
* 2
+2 1
-2 1
+2 1
-2 3
+1 3
+1 1
-1 1
+1 1
cfi=(84)
cfn=(332)
calls=1 -31 
* 5
+1 6
-38 1
-2 2
+4 4
cfi=(84)
cfn=(332)
calls=1 +4 
* 5
* 2
+3 3
-1 1
+1 1
cfi=(81)
cfn=(326)
calls=1 -49 
* 66
+33 6

fl=(117)
fn=(456)
145 3
+1 4
+18 4

fl=(72)
fn=(294)
29 4
fi=(73)
260 1
fe=(72)
30 1
fi=(73)
260 1
fe=(72)
30 1
fi=(73)
260 1
fi=(71)
2911 7
+2 3
cfn=(308)
calls=1 3349 
* 1034
+3 1
-3 1
+3 1
+8 4
+2 11
fe=(72)
33 4
fi=(71)
2911 6
+12 1
cfi=(73)
cfn=(298)
calls=1 258 
* 58164
* 1
-15 2
fe=(72)

fl=(85)
fn=(350)
30 1
+2 1
cfi=(86)
cfn=(352)
calls=1 -6 
* 28

fl=(94)
fn=(380)
73 1000
+12 1000
-12 2000
+2 7000
+18 1000

fl=(74)
fn=(300)
126 9
+5 1
-5 2
+5 2
cob=(1)
cfi=(2)
cfn=(50)
calls=1 704 
* 2
+2 2
cob=(1)
cfi=(66)
cfn=(261)
calls=1 -69 
* 1190
* 5
+2 2
30 1
+1 1
-1 1
+1 1
+3 2
+5 1
+6 1
-7 1
+2 2
+2 1
-2 1
+2 1
+3 1
+5 8
+2 1
+1 2
-1 1010
+1 2020
+2 3628
+9 2010
+7 24
-2 24
+2 2259
-2 2211
+2 5750
-10 11175
+2 8940
+1 14318
+7 1011
-21 2022
+49 3
+1 1
+1 3
+3 2
+37 2
cob=(1)
cfi=(2)
cfn=(52)
calls=1 710 
* 2
+3 9
-28 1
+1 1
+21 2

fl=(120)
fn=(492)
31 4
+17 1
-17 4
+4 4
+4 6
-4 3
+32 4
+4 6
-4 3
+12 2
+3 1
-2 1
+2 6
-2 1
cfi=(121)
cfn=(494)
calls=1 -52 
* 10

fl=(104)
fn=(408)
95 5
+15 6
cfi=(93)
cfn=(410)
calls=1 1229 
* 14
* 2
+2 4
+11 3
+4 2
cob=(2)
cfi=(16)
cfn=(414)
calls=1 0 
* 185
* 1
+2 1
-1 2
+2 4
cfi=(103)
cfn=(418)
calls=1 380 
* 18
+1 1
+1 5
-15 1
-2 9
+5 2

fl=(82)
fn=(328)
47 2
+4 2
-4 2
+4 2
+3 4
-1 2
+1 4
-1 2
+1 56
+1 2
-1 2
+1 2
+7 2
-7 4
+2 4
+5 21
+3 6
+3 1
-1 1
+1 2
-1 1
+1 28
+1 1
-1 1
+1 1
+1 2
+3 4
-11 2

fl=(59)
fn=(234)
31 2
-1 3
+1 4
+2 3
cfi=(60)
cfn=(236)
calls=1 -9 
* 24
+4 5
+1 3
+2 4

totals: 38199668
